desc: I1 cache:         32768 B, 64 B, 8-way associative
desc: D1 cache:         32768 B, 64 B, 8-way associative
desc: LL cache:         2097152 B, 64 B, 8-way associative
cmd: ./data
events: Ir I1mr ILmr Dr D1mr DLmr Dw D1mw DLmw 
fl=/build/eglibc-rrybNj/eglibc-2.15/csu/../sysdeps/generic/dl-hash.h
fn=_init
44 1 0 0 0 0 0 0 0 0
45 1 0 0 0 0 0 0 0 0
46 13 0 0 4 0 0 0 0 0
49 16 0 0 0 0 0 0 0 0
50 8 0 0 0 0 0 0 0 0
63 8 0 0 0 0 0 0 0 0
68 1 0 0 0 0 0 0 0 0
fl=/build/eglibc-rrybNj/eglibc-2.15/csu/../sysdeps/unix/sysv/linux/x86_64/../init-first.c
fn=_init
53 7 1 1 0 0 0 3 0 0
59 4 0 0 1 1 0 1 0 0
68 5 1 1 4 0 0 0 0 0
74 1 0 0 0 0 0 1 1 1
75 1 0 0 0 0 0 1 0 0
76 2 1 1 1 0 0 1 1 1
90 4 0 0 0 0 0 1 0 0
98 1 0 0 0 0 0 1 0 0
103 5 0 0 4 0 0 0 0 0
fl=/build/eglibc-rrybNj/eglibc-2.15/csu/../sysdeps/unix/sysv/linux/x86_64/init-first.c
fn=_init
38 7 2 2 0 0 0 4 0 0
40 3 0 0 0 0 0 1 0 0
42 2 0 0 1 1 0 0 0 0
43 2 1 1 1 0 0 0 0 0
44 1 0 0 0 0 0 1 1 0
46 3 0 0 0 0 0 1 0 0
50 3 0 0 0 0 0 0 0 0
51 2 0 0 1 0 0 0 0 0
52 1 0 0 0 0 0 1 0 0
fl=/build/eglibc-rrybNj/eglibc-2.15/csu/../sysdeps/x86_64/multiarch/init-arch.c
fn=__init_cpu_features
32 14 0 0 0 0 0 8 0 0
38 6 0 0 0 0 0 0 0 0
39 6 0 0 0 0 0 0 0 0
45 2 0 0 0 0 0 2 0 0
53 6 3 3 0 0 0 2 0 0
56 12 0 0 0 0 0 0 0 0
58 2 0 0 0 0 0 0 0 0
65 8 3 3 2 0 0 2 0 0
69 6 0 0 0 0 0 0 0 0
70 4 1 1 0 0 0 0 0 0
75 4 0 0 0 0 0 0 0 0
77 2 0 0 0 0 0 0 0 0
78 2 2 2 0 0 0 0 0 0
79 16 2 2 0 0 0 0 0 0
112 6 0 0 0 0 0 2 0 0
116 2 0 0 0 0 0 0 0 0
148 4 1 1 0 0 0 0 0 0
169 2 1 1 0 0 0 2 0 0
170 2 0 0 0 0 0 2 0 0
172 2 0 0 0 0 0 2 0 0
173 4 0 0 4 0 0 0 0 0
fl=/build/eglibc-rrybNj/eglibc-2.15/csu/libc-start.c
fn=(below main)
96 10 1 1 0 0 0 8 0 0
106 7 1 1 2 0 0 1 0 0
158 2 1 1 0 0 0 0 0 0
159 4 0 0 0 0 0 1 0 0
181 4 0 0 2 0 0 0 0 0
184 2 0 0 0 0 0 0 0 0
185 5 0 0 4 0 0 1 0 0
189 4 1 1 2 0 0 0 0 0
204 2 0 0 0 0 0 0 0 0
213 2 0 0 0 0 0 1 0 0
214 2 0 0 0 0 0 0 0 0
219 2 0 0 1 1 0 1 0 0
220 2 0 0 1 1 0 1 0 0
223 2 0 0 0 0 0 1 0 0
226 5 0 0 5 0 0 1 0 0
258 2 0 0 0 0 0 1 0 0
fl=/build/eglibc-rrybNj/eglibc-2.15/ctype/ctype-info.c
fn=__ctype_init
33 7 2 2 5 2 0 1 0 0
35 4 0 0 2 1 0 1 0 0
37 4 0 0 2 1 0 1 0 0
38 1 0 0 1 0 0 0 0 0
fl=/build/eglibc-rrybNj/eglibc-2.15/elf/../elf/dl-runtime.c
fn=_dl_fixup
74 42 1 1 0 0 0 28 0 0
76 7 0 0 7 0 0 0 0 0
77 14 0 0 14 2 0 0 0 0
80 35 0 0 14 5 0 0 0 0
81 49 1 1 14 4 0 7 0 0
82 14 0 0 14 1 0 0 0 0
87 14 0 0 0 0 0 0 0 0
91 21 0 0 7 3 1 0 0 0
93 7 0 0 0 0 0 0 0 0
95 21 0 0 7 3 0 0 0 0
99 12 0 0 12 4 0 0 0 0
100 24 1 1 6 1 0 0 0 0
102 18 0 0 6 2 0 0 0 0
108 7 0 0 0 0 0 0 0 0
109 21 0 0 7 0 0 0 0 0
116 14 1 1 7 2 0 7 0 0
119 70 0 0 14 3 0 21 0 0
123 21 1 1 7 0 0 0 0 0
127 28 0 0 7 0 0 7 0 0
133 49 0 0 14 0 0 0 0 0
141 7 0 0 7 0 0 0 0 0
149 28 0 0 7 0 0 0 0 0
153 21 1 1 7 0 0 0 0 0
157 42 0 0 35 0 0 0 0 0
fl=/build/eglibc-rrybNj/eglibc-2.15/elf/../elf/dl-sysdep.c
fn=_dl_important_hwcaps
352 3 0 0 1 0 0 0 0 0
354 12 2 2 0 0 0 10 1 1
356 1 0 0 1 0 0 0 0 0
357 3 0 0 0 0 0 0 0 0
366 2 0 0 1 0 0 0 0 0
374 1 0 0 0 0 0 0 0 0
375 1 0 0 0 0 0 0 0 0
376 4 1 1 1 0 0 1 0 0
418 2 1 1 0 0 0 1 0 0
420 9 2 2 2 0 0 3 0 0
435 6 1 1 0 0 0 0 0 0
436 2 0 0 0 0 0 0 0 0
438 2 0 0 0 0 0 0 0 0
448 2 1 1 0 0 0 0 0 0
465 2 1 1 0 0 0 0 0 0
473 2 1 1 1 0 0 0 0 0
475 3 0 0 1 0 0 1 1 1
476 5 0 0 1 0 0 1 0 0
480 3 1 1 0 0 0 1 0 0
481 1 0 0 0 0 0 1 0 0
484 2 0 0 1 0 0 0 0 0
487 2 0 0 1 0 0 0 0 0
488 4 0 0 1 0 0 1 0 0
491 6 0 0 2 0 0 0 0 0
492 2 1 1 1 0 0 0 0 0
510 10 0 0 2 0 0 4 1 1
511 5 0 0 0 0 0 1 0 0
512 2 0 0 0 0 0 0 0 0
519 2 1 1 1 0 0 0 0 0
541 3 0 0 0 0 0 2 0 0
544 2 0 0 1 0 0 0 0 0
546 5 1 1 2 0 0 2 0 0
547 8 0 0 3 0 0 4 0 0
567 1 0 0 0 0 0 0 0 0
572 23 1 1 1 0 0 0 0 0
573 4 1 1 0 0 0 4 0 0
577 10 0 0 1 0 0 0 0 0
580 28 1 1 0 0 0 0 0 0
581 24 0 0 0 0 0 0 0 0
582 14 0 0 9 0 0 0 0 0
584 4 1 1 0 0 0 0 0 0
587 3 0 0 1 0 0 0 0 0
588 1 0 0 0 0 0 0 0 0
589 7 1 1 2 0 0 0 0 0
602 10 1 1 2 0 0 2 0 0
603 2 0 0 0 0 0 0 0 0
605 4 0 0 0 0 0 0 0 0
608 3 0 0 2 0 0 1 0 0
610 1 0 0 0 0 0 0 0 0
611 9 0 0 7 0 0 0 0 0
fn=_dl_sysdep_start
86 36 0 0 0 0 0 0 0 0
89 8 1 1 0 0 0 7 1 1
90 1 0 0 0 0 0 1 0 0
91 1 0 0 0 0 0 0 0 0
113 1 0 0 0 0 0 1 0 0
114 177 2 2 57 8 8 4 1 1
117 2 0 0 0 0 0 1 0 0
118 1 0 0 0 0 0 1 0 0
120 95 4 4 26 3 3 9 0 0
121 103 0 0 16 2 2 0 0 0
124 3 0 0 1 0 0 1 0 0
127 1 0 0 1 0 0 0 0 0
128 1 0 0 0 0 0 0 0 0
130 1 1 1 1 0 0 0 0 0
131 1 0 0 0 0 0 0 0 0
133 1 0 0 1 0 0 0 0 0
134 1 0 0 0 0 0 0 0 0
154 1 1 1 1 0 0 0 0 0
155 1 0 0 0 0 0 0 0 0
157 1 0 0 1 0 0 0 0 0
158 1 0 0 0 0 0 0 0 0
160 1 1 1 1 0 0 0 0 0
161 1 0 0 0 0 0 0 0 0
163 1 0 0 1 1 1 0 0 0
164 1 0 0 0 0 0 0 0 0
179 1 0 0 1 1 1 0 0 0
180 1 0 0 0 0 0 0 0 0
227 3 0 0 0 0 0 2 0 0
229 5 0 0 0 0 0 1 0 0
241 3 1 1 1 0 0 0 0 0
244 5 0 0 3 0 0 1 0 0
246 9 1 0 8 1 0 0 0 0
fn=_dl_sysdep_start_cleanup
252 1 1 1 1 0 0 0 0 0
fl=/build/eglibc-rrybNj/eglibc-2.15/elf/../misc/sbrk.c
fn=sbrk
35 4 1 1 0 0 0 2 0 0
43 6 0 0 2 1 1 0 0 0
47 2 0 0 0 0 0 0 0 0
58 5 1 1 3 0 0 0 0 0
fl=/build/eglibc-rrybNj/eglibc-2.15/elf/../sysdeps/unix/sysv/linux/dl-osinfo.h
fn=security_init
74 2 0 0 0 0 0 0 0 0
97 1 0 0 1 0 0 0 0 0
99 2 0 0 0 0 0 1 0 0
114 2 0 0 0 0 0 0 0 0
125 1 0 0 1 0 0 0 0 0
fl=/build/eglibc-rrybNj/eglibc-2.15/elf/../sysdeps/unix/sysv/linux/dl-sysdep.c
fn=_dl_discover_osversion
67 7 1 1 0 0 0 6 0 0
69 4 1 1 1 0 0 1 1 1
109 4 1 1 0 0 0 1 0 0
124 1 0 0 0 0 0 0 0 0
128 1 0 0 0 0 0 0 0 0
129 1 0 0 0 0 0 0 0 0
131 12 0 0 3 1 1 0 0 0
133 9 0 0 0 0 0 0 0 0
135 17 0 0 4 0 0 0 0 0
137 1 0 0 0 0 0 0 0 0
138 3 0 0 0 0 0 0 0 0
141 3 0 0 0 0 0 0 0 0
142 3 1 1 0 0 0 0 0 0
143 3 0 0 0 0 0 0 0 0
145 13 0 0 0 0 0 0 0 0
150 2 0 0 0 0 0 0 0 0
154 9 1 1 7 0 0 0 0 0
fn=_dl_sysdep_start
36 2 0 0 0 0 0 1 0 0
fl=/build/eglibc-rrybNj/eglibc-2.15/elf/../sysdeps/unix/sysv/linux/dl-vdso.c
fn=_dl_vdso_vsym
27 12 1 1 0 0 0 4 0 0
28 8 0 0 8 1 0 0 0 0
29 4 0 0 0 0 0 0 0 0
32 8 0 0 0 0 0 0 0 0
50 16 1 1 8 0 0 0 0 0
fl=/build/eglibc-rrybNj/eglibc-2.15/elf/../sysdeps/unix/sysv/linux/x86_64/brk.c
fn=brk
29 1 1 1 0 0 0 0 0 0
32 6 1 1 0 0 0 1 1 1
34 2 0 0 0 0 0 0 0 0
40 1 0 0 0 0 0 0 0 0
41 1 0 0 1 0 0 0 0 0
fl=/build/eglibc-rrybNj/eglibc-2.15/elf/../sysdeps/x86_64/dl-machine.h
fn=_dl_fixup
234 7 0 0 0 0 0 7 0 0
fn=_dl_relocate_object
96 18 1 1 3 0 0 0 0 0
102 6 0 0 6 1 0 0 0 0
106 9 0 0 3 3 3 0 0 0
111 3 0 0 0 0 0 3 0 0
119 9 0 0 3 0 0 0 0 0
132 6 0 0 0 0 0 3 0 0
135 21 1 1 4 4 2 0 0 0
268 196 1 1 0 0 0 0 0 0
286 196 0 0 0 0 0 0 0 0
293 3882 11 11 614 85 75 591 2 0
295 482 0 0 188 2 0 0 0 0
298 376 0 0 94 0 0 0 0 0
304 588 2 2 98 3 3 0 0 0
322 2 1 1 0 0 0 0 0 0
323 2 0 0 1 0 0 1 0 0
372 30 1 1 10 0 0 0 0 0
376 30 0 0 10 0 0 0 0 0
381 20 0 0 20 2 2 0 0 0
382 20 0 0 0 0 0 10 4 3
389 177 1 1 87 10 9 87 5 2
396 12 0 0 0 0 0 9 1 0
460 2396 0 0 1198 151 151 0 0 0
461 3594 1 1 1198 150 150 1198 234 232
470 38 0 0 19 0 0 0 0 0
474 28 0 0 0 0 0 0 0 0
476 42 0 0 14 0 0 0 0 0
477 14 0 0 14 2 2 0 0 0
494 10 0 0 10 0 0 0 0 0
496 5 0 0 0 0 0 5 0 0
497 5 0 0 0 0 0 5 1 1
fn=_dl_start
76 2 0 0 1 1 1 0 0 0
286 24 0 0 0 0 0 0 0 0
295 40 0 0 16 1 1 0 0 0
298 32 0 0 8 5 5 0 0 0
304 49 0 0 8 1 1 0 0 0
382 16 1 1 8 1 1 8 1 1
460 28 1 1 14 2 2 0 0 0
461 42 0 0 14 2 2 14 4 4
fn=_dl_sysdep_start
224 5 0 0 2 1 1 0 0 0
fl=/build/eglibc-rrybNj/eglibc-2.15/elf/../sysdeps/x86_64/dl-trampoline.S
fn=_dl_runtime_resolve
31 7 1 1 0 0 0 0 0 0
33 7 0 0 0 0 0 7 0 0
34 7 0 0 0 0 0 7 0 0
35 7 0 0 0 0 0 7 0 0
36 7 0 0 0 0 0 7 0 0
37 7 0 0 0 0 0 7 0 0
38 7 0 0 0 0 0 7 0 0
39 7 0 0 0 0 0 7 0 0
40 7 0 0 7 0 0 0 0 0
41 7 0 0 7 0 0 0 0 0
42 7 0 0 0 0 0 7 0 0
43 7 0 0 0 0 0 0 0 0
44 7 0 0 7 0 0 0 0 0
45 7 1 1 7 0 0 0 0 0
46 7 0 0 7 0 0 0 0 0
47 7 0 0 7 0 0 0 0 0
48 7 0 0 7 0 0 0 0 0
49 7 0 0 7 0 0 0 0 0
50 7 0 0 7 0 0 0 0 0
51 7 0 0 0 0 0 0 0 0
53 7 0 0 0 0 0 0 0 0
fl=/build/eglibc-rrybNj/eglibc-2.15/elf/dl-addr.c
fn=_dl_addr
31 2 1 1 1 0 0 1 0 0
32 1 1 1 0 0 0 1 0 0
35 2 0 0 1 0 0 0 0 0
39 1 0 0 1 0 0 0 0 0
40 1 0 0 1 0 0 0 0 0
41 3 0 0 2 0 0 1 0 0
43 3 0 0 2 0 0 1 0 0
46 2 0 0 1 1 0 0 0 0
51 2029 1 1 2 0 0 0 0 0
53 1011 0 0 1011 61 22 0 0 0
54 2022 0 0 0 0 0 0 0 0
56 4890 0 0 903 0 0 0 0 0
62 10905 1 1 2181 470 438 0 0 0
64 8724 0 0 2181 0 0 0 0 0
65 15883 0 0 4992 339 303 0 0 0
70 2181 0 0 0 0 0 0 0 0
72 9735 1 1 2181 131 79 0 0 0
100 2 0 0 1 1 0 0 0 0
101 2 0 0 1 0 0 1 1 0
102 2 0 0 1 0 0 0 0 0
105 2 0 0 0 0 0 0 0 0
117 1 1 1 0 0 0 1 1 0
118 1 0 0 0 0 0 1 0 0
127 11 2 2 0 0 0 8 0 0
129 1 0 0 0 0 0 0 0 0
132 3 0 0 2 0 0 1 0 0
135 5 0 0 1 0 0 0 0 0
136 10 2 2 3 0 0 0 0 0
137 15 1 1 6 1 0 0 0 0
138 2 0 0 1 0 0 0 0 0
141 2 0 0 0 0 0 0 0 0
146 2 0 0 1 1 0 1 1 0
149 9 0 0 7 0 0 0 0 0
fl=/build/eglibc-rrybNj/eglibc-2.15/elf/dl-altinit.c
fn=dlinit_alt
33 3 1 1 2 0 0 0 0 0
34 1 0 0 1 0 0 0 0 0
fl=/build/eglibc-rrybNj/eglibc-2.15/elf/dl-cache.c
fn=_dl_cache_libcmp
141 102 1 1 0 0 0 0 0 0
143 150 0 0 0 0 0 0 0 0
145 52 0 0 0 0 0 0 0 0
151 3 0 0 0 0 0 0 0 0
152 3 0 0 0 0 0 0 0 0
153 4 1 1 1 0 0 0 0 0
155 5 0 0 1 0 0 0 0 0
157 2 0 0 0 0 0 0 0 0
163 98 1 1 0 0 0 0 0 0
164 30 1 1 20 10 10 0 0 0
165 98 0 0 0 0 0 0 0 0
166 36 0 0 9 0 0 0 0 0
169 40 0 0 0 0 0 0 0 0
170 120 0 0 80 0 0 0 0 0
173 3 0 0 1 0 0 0 0 0
fn=_dl_load_cache_lookup
182 3 2 2 0 0 0 0 0 0
183 8 2 2 0 0 0 6 0 0
191 2 0 0 1 0 0 0 0 0
194 3 0 0 1 0 0 0 0 0
197 5 2 2 0 0 0 1 0 0
205 5 0 0 1 0 0 0 0 0
206 6 1 1 0 0 0 1 0 0
210 1 0 0 0 0 0 1 0 0
213 4 0 0 1 0 0 0 0 0
216 2 0 0 0 0 0 1 0 0
217 3 0 0 0 0 0 0 0 0
218 5 1 1 0 0 0 1 0 0
236 2 0 0 0 0 0 0 0 0
245 3 0 0 1 0 0 0 0 0
254 2 0 0 0 0 0 0 0 0
260 4 1 1 0 0 0 2 0 0
264 1 1 1 1 0 0 0 0 0
265 6 0 0 3 0 0 1 0 0
279 233 8 8 31 9 9 11 0 0
295 4 1 1 1 0 0 0 0 0
300 9 0 0 7 0 0 0 0 0
fn=_dl_unload_cache
309 1 0 0 0 0 0 0 0 0
310 4 0 0 1 1 0 0 0 0
312 2 0 0 1 0 0 1 0 0
313 1 0 0 0 0 0 1 0 0
315 2 0 0 1 0 0 0 0 0
fl=/build/eglibc-rrybNj/eglibc-2.15/elf/dl-debug.c
fn=_dl_debug_initialize
52 8 2 1 0 0 0 0 0 0
53 4 0 0 4 0 0 0 0 0
57 18 2 1 3 1 0 0 0 0
60 1 0 0 0 0 0 1 0 0
61 3 0 0 0 0 0 1 0 0
62 5 0 0 1 0 0 1 0 0
63 2 0 0 0 0 0 1 0 0
67 4 0 0 4 0 0 0 0 0
fn=_dl_debug_state
77 2 2 1 2 0 0 0 0 0
fl=/build/eglibc-rrybNj/eglibc-2.15/elf/dl-deps.c
fn=_dl_map_object_deps
146 3 0 0 0 0 0 0 0 0
149 11 2 2 0 0 0 9 0 0
150 9 0 0 0 0 0 1 0 0
164 4 0 0 0 0 0 2 0 0
165 2 0 0 0 0 0 2 0 0
166 7 1 1 0 0 0 2 0 0
168 1 0 0 0 0 0 1 0 0
172 9 1 1 2 0 0 2 0 0
182 9 0 0 0 0 0 1 0 0
183 1 0 0 1 0 0 0 0 0
186 3 0 0 0 0 0 2 0 0
205 2 0 0 1 0 0 1 0 0
206 1 0 0 0 0 0 1 0 0
207 1 1 1 0 0 0 1 0 0
208 4 1 1 0 0 0 4 0 0
212 8 0 0 8 0 0 0 0 0
213 6 1 1 0 0 0 0 0 0
214 2 0 0 0 0 0 0 0 0
217 4 0 0 0 0 0 4 0 0
221 8 0 0 4 0 0 0 0 0
222 23 2 2 10 1 1 0 0 0
224 4 0 0 0 0 0 0 0 0
226 6 0 0 4 0 0 0 0 0
228 26 1 1 2 0 0 4 0 0
233 16 0 0 8 1 1 0 0 0
235 6 0 0 4 0 0 2 0 0
240 2 0 0 0 0 0 2 0 0
241 2 0 0 0 0 0 2 0 0
242 4 0 0 2 0 0 2 0 0
243 4 0 0 2 0 0 2 0 0
246 192 2 2 50 0 0 2 0 0
247 88 0 0 0 0 0 0 0 0
253 16 1 1 4 0 0 2 0 0
255 2 0 0 0 0 0 2 0 0
258 12 0 0 0 0 0 2 0 0
260 6 1 1 2 0 0 0 0 0
275 2 0 0 2 0 0 0 0 0
277 4 0 0 2 0 0 0 0 0
282 6 0 0 0 0 0 0 0 0
285 2 1 1 0 0 0 2 0 0
286 2 0 0 0 0 0 2 0 0
287 2 0 0 0 0 0 2 0 0
288 4 0 0 2 0 0 2 0 0
290 2 0 0 2 0 0 0 0 0
292 12 0 0 2 0 0 4 0 0
296 4 0 0 0 0 0 0 0 0
297 3 0 0 0 0 0 1 0 0
299 168 1 1 0 0 0 0 0 0
477 8 1 1 0 0 0 0 0 0
479 6 0 0 0 0 0 2 0 0
481 4 0 0 0 0 0 2 0 0
482 4 0 0 0 0 0 0 0 0
483 4 0 0 0 0 0 0 0 0
486 2 0 0 0 0 0 2 1 1
487 10 0 0 0 0 0 2 0 0
488 10 0 0 0 0 0 2 0 0
491 2 0 0 0 0 0 2 0 0
492 2 0 0 2 0 0 0 0 0
496 20 1 1 8 0 0 0 0 0
498 4 0 0 4 0 0 0 0 0
499 26 1 1 4 0 0 3 0 0
503 5 0 0 1 0 0 0 0 0
504 2 0 0 1 0 0 1 0 0
507 5 1 1 2 0 0 1 0 0
517 2 0 0 0 0 0 1 0 0
518 3 0 0 1 0 0 0 0 0
520 2 1 1 0 0 0 0 0 0
525 5 0 0 2 0 0 1 0 0
526 13 1 1 7 0 0 2 0 0
528 13 1 1 4 0 0 1 0 0
534 16 0 0 4 0 0 4 1 1
538 8 0 0 8 0 0 0 0 0
541 2 0 0 1 0 0 0 0 0
592 5 0 0 3 0 0 0 0 0
594 3 0 0 1 0 0 0 0 0
630 6 1 1 1 0 0 2 0 0
632 4 1 1 1 0 0 1 0 0
636 1 1 1 0 0 0 0 0 0
637 6 1 1 0 0 0 0 0 0
638 10 1 1 2 0 0 3 0 0
642 3 0 0 3 0 0 0 0 0
643 6 0 0 3 0 0 0 0 0
649 16 0 0 5 0 0 0 0 0
651 12 0 0 6 0 0 0 0 0
652 8 0 0 0 0 0 0 0 0
654 9 0 0 3 0 0 0 0 0
655 6 0 0 0 0 0 0 0 0
677 3 1 1 0 0 0 0 0 0
680 9 0 0 3 0 0 0 0 0
683 23 2 2 7 0 0 6 0 0
690 2 0 0 1 0 0 1 0 0
692 2 1 1 1 0 0 1 0 0
693 1 0 0 1 0 0 0 0 0
701 2 0 0 1 0 0 0 0 0
704 3 0 0 1 0 0 0 0 0
707 8 0 0 7 0 0 0 0 0
fn=openaux
62 4 1 1 0 0 0 2 0 0
65 20 1 1 8 0 0 4 0 0
67 4 0 0 2 0 0 0 0 0
69 2 0 0 2 0 0 0 0 0
70 4 0 0 4 0 0 0 0 0
fl=/build/eglibc-rrybNj/eglibc-2.15/elf/dl-environ.c
fn=_dl_next_ld_env_entry
31 3 1 1 3 0 0 0 0 0
32 3 0 0 0 0 0 0 0 0
34 170 0 0 56 0 0 0 0 0
36 110 0 0 55 28 28 0 0 0
37 38 0 0 19 0 0 0 0 0
39 2 0 0 0 0 0 0 0 0
42 4 0 0 0 0 0 2 0 0
44 2 0 0 2 0 0 0 0 0
47 53 0 0 0 0 0 0 0 0
51 1 0 0 1 0 0 0 0 0
fl=/build/eglibc-rrybNj/eglibc-2.15/elf/dl-error.c
fn=_dl_catch_error
160 21 1 1 0 0 0 18 2 2
169 3 0 0 0 0 0 3 0 0
171 6 1 1 3 0 0 6 2 2
172 6 0 0 3 0 0 3 0 0
174 12 0 0 0 0 0 3 0 0
175 6 0 0 0 0 0 0 0 0
177 9 0 0 3 0 0 3 0 0
178 6 0 0 6 0 0 3 0 0
179 9 1 1 6 0 0 3 0 0
180 6 0 0 3 0 0 3 0 0
181 6 0 0 3 0 0 3 0 0
182 6 0 0 3 0 0 3 0 0
192 12 0 0 6 0 0 0 0 0
fn=_dl_receive_error
198 10 1 1 0 0 0 6 0 0
199 2 0 0 1 0 0 1 0 0
203 1 0 0 1 0 0 0 0 0
204 1 0 0 1 1 1 0 0 0
207 1 0 0 0 0 0 1 0 0
208 1 1 1 0 0 0 1 0 0
210 2 0 0 0 0 0 1 0 0
212 1 0 0 0 0 0 1 0 0
213 1 0 0 0 0 0 1 0 0
214 8 0 0 7 0 0 0 0 0
fl=/build/eglibc-rrybNj/eglibc-2.15/elf/dl-fini.c
fn=_dl_fini
132 5 1 1 0 0 0 0 0 0
133 8 1 1 0 0 0 6 0 0
145 1 0 0 0 0 0 0 0 0
146 1 0 0 0 0 0 1 0 0
152 1 0 0 0 0 0 0 0 0
155 7 0 0 2 0 0 1 0 0
158 2 0 0 1 0 0 1 0 0
161 1 0 0 1 1 0 0 0 0
164 2 1 1 0 0 0 0 0 0
166 6 0 0 2 0 0 0 0 0
177 4 0 0 1 0 0 0 0 0
179 2 0 0 1 0 0 0 0 0
182 9 1 1 0 0 0 1 0 0
193 15 0 0 4 1 0 0 0 0
195 8 0 0 4 1 0 0 0 0
197 8 0 0 0 0 0 0 0 0
199 8 0 0 0 0 0 4 0 0
200 4 1 1 0 0 0 4 4 0
201 4 0 0 0 0 0 0 0 0
205 4 0 0 4 1 0 0 0 0
207 2 0 0 0 0 0 0 0 0
212 5 0 0 1 0 0 1 0 0
221 2 0 0 1 0 0 1 0 0
225 12 1 1 4 0 0 1 0 0
227 8 0 0 8 0 0 0 0 0
229 12 0 0 4 0 0 0 0 0
232 8 0 0 0 0 0 4 0 0
235 12 1 1 4 3 0 0 0 0
236 8 1 1 4 4 0 0 0 0
239 4 0 0 2 0 0 0 0 0
246 4 0 0 0 0 0 0 0 0
258 6 1 1 2 0 0 0 0 0
259 6 0 0 4 1 0 2 0 0
264 20 0 0 4 1 0 0 0 0
280 8 1 1 8 0 0 0 0 0
285 5 0 0 1 0 0 0 0 0
291 2 1 1 1 0 0 0 0 0
298 8 1 1 7 0 0 0 0 0
fn=_dl_sort_fini
34 11 1 1 0 0 0 8 0 0
36 2 0 0 0 0 0 0 0 0
41 3 0 0 0 0 0 0 0 0
42 6 1 1 0 0 0 0 0 0
43 6 0 0 0 0 0 2 0 0
47 9 0 0 3 0 0 3 0 0
48 6 1 1 3 0 0 0 0 0
52 15 1 1 6 0 0 0 0 0
58 8 0 0 5 0 0 1 0 0
59 16 0 0 0 0 0 2 0 0
61 12 0 0 6 0 0 0 0 0
62 8 0 0 0 0 0 0 0 0
64 9 0 0 3 1 0 0 0 0
65 6 0 0 0 0 0 0 0 0
84 1 0 0 0 0 0 1 0 0
95 9 1 1 3 0 0 0 0 0
116 3 0 0 0 0 0 0 0 0
120 12 0 0 3 0 0 0 0 0
123 15 0 0 4 0 0 4 0 0
127 8 0 0 7 0 0 0 0 0
fl=/build/eglibc-rrybNj/eglibc-2.15/elf/dl-init.c
fn=_dl_init
37 15 1 1 5 0 0 0 0 0
43 8 0 0 0 0 0 4 0 0
46 12 2 2 8 1 0 0 0 0
47 3 0 0 0 0 0 0 0 0
51 6 0 0 3 2 0 0 0 0
52 16 0 0 1 0 0 3 0 0
93 11 1 1 0 0 0 6 0 0
94 1 0 0 1 1 0 0 0 0
95 1 0 0 1 0 0 0 0 0
98 3 0 0 1 0 0 0 0 0
101 2 0 0 0 0 0 1 0 0
105 2 0 0 0 0 0 0 0 0
132 2 1 1 1 0 0 0 0 0
133 14 0 0 0 0 0 0 0 0
134 12 0 0 8 0 0 0 0 0
140 8 0 0 7 0 0 0 0 0
fn=call_init.part.0
35 36 1 1 0 0 0 15 0 0
56 6 0 0 3 0 0 0 0 0
64 9 0 0 3 0 0 0 0 0
66 4 0 0 4 1 0 0 0 0
70 8 0 0 0 0 0 2 0 0
74 3 1 1 3 1 0 0 0 0
75 6 0 0 0 0 0 0 0 0
81 6 0 0 4 2 0 0 0 0
83 4 0 0 4 0 0 0 0 0
84 10 0 0 0 0 0 0 0 0
85 15 0 0 3 1 0 3 0 0
87 18 1 1 18 0 0 0 0 0
fl=/build/eglibc-rrybNj/eglibc-2.15/elf/dl-load.c
fn=_dl_init_paths
711 28 0 0 0 0 0 1 0 0
712 9 2 2 0 0 0 7 0 0
727 6 0 0 2 0 0 2 0 0
731 1 0 0 0 0 0 1 0 0
732 3 0 0 0 0 0 1 0 0
733 2 0 0 0 0 0 0 0 0
740 5 0 0 0 0 0 0 0 0
741 2 1 1 1 0 0 0 0 0
744 1 0 0 0 0 0 1 0 0
745 2 0 0 0 0 0 1 0 0
747 2 0 0 0 0 0 0 0 0
753 1 0 0 0 0 0 1 0 0
754 1 0 0 0 0 0 1 0 0
756 1 0 0 0 0 0 0 0 0
762 13 0 0 0 0 0 3 1 1
764 8 0 0 0 0 0 4 2 2
765 4 1 1 0 0 0 4 1 1
767 5 0 0 0 0 0 4 0 0
768 10 0 0 3 1 1 4 1 1
769 10 0 0 0 0 0 0 0 0
772 29 2 2 3 1 1 0 0 0
773 92 0 0 0 0 0 0 0 0
774 17 1 1 0 0 0 16 1 1
776 24 2 2 3 0 0 4 0 0
782 1 0 0 0 0 0 1 1 1
783 1 0 0 0 0 0 1 0 0
787 1 0 0 1 0 0 0 0 0
788 2 0 0 0 0 0 0 0 0
790 4 1 1 1 0 0 0 0 0
792 3 0 0 1 0 0 0 0 0
806 1 0 0 0 0 0 1 0 0
808 3 2 2 1 0 0 0 0 0
819 2 1 1 0 0 0 1 0 0
824 5 1 1 3 0 0 0 0 0
832 5 0 0 0 0 0 1 0 0
834 11 1 1 2 0 0 2 0 0
851 51 1 1 16 0 0 0 0 0
853 14 0 0 0 0 0 0 0 0
854 42 0 0 0 0 0 0 0 0
855 14 0 0 0 0 0 0 0 0
858 1 0 0 0 0 0 1 0 0
859 1 0 0 0 0 0 1 0 0
860 2 0 0 0 0 0 0 0 0
866 7 1 1 1 0 0 1 0 0
870 3 0 0 2 0 0 0 0 0
876 1 0 0 0 0 0 1 0 0
880 8 0 0 7 0 0 0 0 0
fn=_dl_map_object
161 3 1 1 0 0 0 1 0 0
162 3 0 0 0 0 0 2 0 0
164 3 0 0 1 0 0 0 0 0
167 3 0 0 0 0 0 1 0 0
689 9 1 1 3 0 0 0 0 0
2276 39 2 2 0 0 0 27 2 2
2283 6 0 0 0 0 0 0 0 0
2284 6 0 0 3 0 0 0 0 0
2287 36 0 0 9 0 0 0 0 0
2292 21 1 1 7 0 0 0 0 0
2293 14 0 0 0 0 0 0 0 0
2295 35 0 0 0 0 0 7 1 1
2299 12 0 0 6 0 0 0 0 0
2300 18 1 1 6 0 0 0 0 0
2303 2 0 0 2 0 0 0 0 0
2304 4 0 0 4 0 0 0 0 0
2305 8 0 0 0 0 0 2 0 0
2321 14 1 1 4 0 0 4 0 0
2322 2 1 1 0 0 0 0 0 0
2332 6 0 0 2 0 0 0 0 0
2356 2 0 0 0 0 0 2 0 0
2358 10 1 1 0 0 0 2 0 0
2362 4 1 1 0 0 0 2 0 0
2364 2 0 0 1 0 0 0 0 0
2371 4 0 0 1 0 0 0 0 0
2375 2 0 0 1 0 0 1 0 0
2380 7 1 1 2 0 0 0 0 0
2383 6 0 0 1 0 0 2 0 0
2395 4 2 2 1 0 0 0 0 0
2396 7 0 0 3 0 0 0 0 0
2406 2 1 1 1 0 0 0 0 0
2407 16 1 1 4 0 0 4 0 0
2413 4 1 1 1 0 0 0 0 0
2421 4 1 1 1 0 0 1 0 0
2426 3 0 0 0 0 0 1 0 0
2428 2 0 0 0 0 0 0 0 0
2433 3 0 0 1 0 0 0 0 0
2441 2 1 1 1 0 0 0 0 0
2468 10 0 0 1 0 0 1 0 0
2471 2 0 0 0 0 0 0 0 0
2473 1 0 0 0 0 0 1 0 0
2474 2 0 0 0 0 0 0 0 0
2493 2 0 0 1 0 0 0 0 0
2499 1 0 0 0 0 0 1 0 0
2501 6 0 0 1 0 0 1 0 0
2502 2 1 1 0 0 0 0 0 0
2503 1 0 0 0 0 0 0 0 0
2506 10 0 0 1 0 0 1 0 0
2509 2 0 0 0 0 0 0 0 0
2521 8 1 1 2 0 0 0 0 0
2523 4 0 0 0 0 0 0 0 0
2567 4 0 0 2 0 0 2 0 0
2568 28 0 0 6 0 0 8 0 0
2570 27 0 0 21 0 0 0 0 0
fn=_dl_map_object_from_fd
913 4 0 0 0 0 0 0 0 0
916 28 2 2 0 0 0 20 1 1
927 8 0 0 2 0 0 4 1 1
928 2 0 0 0 0 0 2 1 1
931 12 1 1 2 0 0 2 0 0
942 29 0 0 9 0 0 0 0 0
943 26 1 1 14 1 1 0 0 0
960 4 1 1 2 0 0 0 0 0
985 6 0 0 2 0 0 0 0 0
995 4 1 1 2 0 0 0 0 0
1017 8 0 0 4 0 0 0 0 0
1048 4 0 0 0 0 0 0 0 0
1051 16 1 1 8 0 0 2 0 0
1052 4 0 0 0 0 0 0 0 0
1063 6 0 0 4 0 0 2 0 0
1064 8 0 0 4 0 0 4 0 0
1065 4 1 1 2 0 0 2 0 0
1067 6 0 0 0 0 0 0 0 0
1068 8 0 0 4 0 0 0 0 0
1069 2 0 0 0 0 0 0 0 0
1074 2 0 0 0 0 0 2 0 0
1084 2 0 0 0 0 0 2 0 0
1093 16 1 1 2 0 0 0 0 0
1094 2 0 0 0 0 0 0 0 0
1095 2 1 1 0 0 0 2 0 0
1101 154 0 0 2 0 0 0 0 0
1102 125 2 2 17 0 0 0 0 0
1108 4 0 0 2 0 0 2 0 0
1109 8 0 0 2 0 0 2 0 0
1113 2 0 0 1 0 0 1 0 0
1114 1 0 0 0 0 0 0 0 0
1119 20 1 1 8 0 0 0 0 0
1125 24 1 1 8 0 0 0 0 0
1126 4 0 0 0 0 0 0 0 0
1133 16 0 0 0 0 0 0 0 0
1134 16 0 0 0 0 0 4 2 2
1135 12 0 0 4 0 0 0 0 0
1136 8 0 0 0 0 0 4 0 0
1137 4 0 0 0 0 0 4 2 2
1138 8 1 1 4 0 0 4 0 0
1139 8 0 0 0 0 0 4 1 1
1143 8 0 0 0 0 0 0 0 0
1144 10 0 0 4 0 0 2 0 0
1149 28 0 0 4 0 0 4 0 0
1159 4 0 0 0 0 0 0 0 0
1162 3 0 0 1 0 0 0 0 0
1166 1 0 0 0 0 0 1 1 1
1167 2 0 0 1 0 0 1 0 0
1168 3 0 0 1 0 0 0 0 0
1171 3 1 1 0 0 0 1 0 0
1172 2 0 0 1 0 0 1 0 0
1175 1 0 0 0 0 0 1 0 0
1179 4 0 0 1 0 0 0 0 0
1185 4 1 1 1 0 0 2 1 1
1186 1 0 0 0 0 0 0 0 0
1190 10 0 0 2 0 0 2 0 0
1240 4 0 0 2 0 0 2 0 0
1241 2 0 0 0 0 0 0 0 0
1244 4 1 1 2 0 0 2 1 1
1245 6 0 0 2 0 0 2 0 0
1246 2 0 0 0 0 0 0 0 0
1249 4 1 1 0 0 0 0 0 0
1259 2 0 0 0 0 0 0 0 0
1262 14 0 0 4 0 0 2 0 0
1264 4 0 0 0 0 0 0 0 0
1278 4 1 1 2 0 0 0 0 0
1283 14 0 0 6 0 0 6 1 1
1287 6 1 1 2 0 0 0 0 0
1294 6 0 0 2 0 0 2 0 0
1295 4 0 0 2 0 0 2 0 0
1297 4 0 0 2 0 0 0 0 0
1303 12 0 0 2 0 0 2 0 0
1304 2 1 1 2 0 0 0 0 0
1307 2 0 0 2 0 0 0 0 0
1330 22 0 0 2 0 0 0 0 0
1332 8 1 1 4 0 0 0 0 0
1334 24 0 0 8 0 0 2 0 0
1342 12 0 0 4 0 0 0 0 0
1343 6 1 1 4 0 0 2 0 0
1345 8 0 0 4 0 0 0 0 0
1346 5 1 1 3 0 0 0 0 0
1347 6 0 0 2 0 0 0 0 0
1348 5 1 1 1 0 0 0 0 0
1350 4 0 0 0 0 0 1 0 0
1352 16 0 0 8 0 0 0 0 0
1358 4 0 0 2 0 0 0 0 0
1359 2 0 0 0 0 0 0 0 0
1360 12 1 1 2 0 0 0 0 0
1361 4 0 0 0 0 0 0 0 0
1368 4 0 0 0 0 0 0 0 0
1371 4 0 0 0 0 0 0 0 0
1382 16 0 0 0 0 0 8 0 0
1383 12 0 0 8 0 0 0 0 0
1388 4 0 0 0 0 0 0 0 0
1392 8 1 1 1 0 0 1 0 0
1395 2 0 0 0 0 0 0 0 0
1403 4 1 1 0 0 0 0 0 0
1407 6 0 0 2 0 0 0 0 0
1416 6 1 1 2 0 0 2 0 0
1422 8 0 0 2 0 0 0 0 0
1438 6 1 1 2 0 0 0 0 0
1457 4 0 0 2 0 0 2 0 0
1459 10 0 0 4 0 0 0 0 0
1514 6 0 0 2 0 0 0 0 0
1515 2 0 0 1 0 0 1 0 0
1518 8 1 1 2 0 0 2 0 0
1526 4 0 0 2 0 0 0 0 0
1529 8 0 0 4 0 0 2 0 0
1531 4 1 1 2 0 0 0 0 0
1547 4 0 0 0 0 0 2 0 0
1551 4 0 0 2 0 0 0 0 0
1552 4 1 1 2 0 0 0 0 0
1570 8 0 0 4 0 0 2 0 0
1574 4 1 1 2 0 0 2 0 0
1578 4 0 0 2 0 0 0 0 0
1584 6 0 0 2 0 0 2 0 0
1588 6 0 0 2 0 0 0 0 0
1608 18 0 0 14 0 0 0 0 0
fn=expand_dynamic_string_token
161 3 0 0 0 0 0 1 0 0
162 2 0 0 0 0 0 1 0 0
164 2 0 0 0 0 0 0 0 0
167 4 0 0 0 0 0 0 0 0
421 9 1 1 0 0 0 5 0 0
431 5 1 1 0 0 0 1 0 0
446 6 1 1 5 0 0 0 0 0
fn=fillin_rpath
489 6 1 1 0 0 0 0 0 0
491 14 2 2 0 0 0 11 0 0
493 1 0 0 0 0 0 0 0 0
495 12 0 0 2 0 0 2 0 0
498 3 1 1 0 0 0 1 0 0
502 2 0 0 0 0 0 0 0 0
509 4 0 0 1 0 0 0 0 0
514 2 0 0 0 0 0 1 0 0
517 3 1 1 1 0 0 0 0 0
521 17 0 0 5 0 0 0 0 0
522 8 0 0 4 0 0 0 0 0
540 3 1 1 1 0 0 1 0 0
543 4 0 0 0 0 0 3 0 0
544 3 0 0 2 0 0 0 0 0
545 1 1 1 0 0 0 0 0 0
546 4 0 0 2 0 0 0 0 0
550 1 0 0 0 0 0 1 1 1
551 1 0 0 0 0 0 0 0 0
552 5 0 0 0 0 0 3 0 0
553 1 0 0 0 0 0 1 0 0
555 3 1 1 2 0 0 0 0 0
561 4 0 0 1 0 0 0 0 0
562 28 1 1 0 0 0 0 0 0
563 4 1 1 0 0 0 4 0 0
565 2 0 0 1 0 0 1 1 1
566 2 0 0 1 0 0 0 0 0
571 2 2 2 0 0 0 1 0 0
573 1 0 0 0 0 0 1 0 0
574 1 0 0 0 0 0 1 0 0
577 3 1 1 0 0 0 1 0 0
582 1 0 0 0 0 0 1 0 0
585 9 0 0 7 0 0 0 0 0
fn=open_path
2123 12 0 0 0 0 0 0 0 0
2127 14 2 2 0 0 0 12 0 0
2128 2 0 0 1 0 0 1 0 0
2131 1 1 1 0 0 0 1 0 0
2132 1 0 0 0 0 0 1 0 0
2134 2 0 0 0 0 0 0 0 0
2139 10 0 0 3 0 0 0 0 0
2142 1 0 0 1 0 0 0 0 0
2151 2 0 0 1 0 0 0 0 0
2158 5 0 0 2 0 0 2 1 1
2159 20 1 1 1 0 0 0 0 0
2162 8 1 1 4 0 0 0 0 0
2166 40 1 1 24 0 0 8 0 0
2169 4 0 0 0 0 0 0 0 0
2172 8 1 1 4 0 0 0 0 0
2175 32 0 0 16 0 0 4 0 0
2177 12 0 0 4 0 0 0 0 0
2179 8 0 0 0 0 0 0 0 0
2184 8 1 1 4 0 0 0 0 0
2185 36 0 0 16 0 0 0 0 0
2191 15 1 1 4 0 0 5 0 0
2193 24 0 0 0 0 0 4 0 0
2194 4 0 0 1 0 0 0 0 0
2196 6 1 1 0 0 0 3 0 0
2198 3 1 1 0 0 0 1 0 0
2203 8 0 0 4 0 0 0 0 0
2244 5 0 0 1 0 0 0 0 0
2249 1 1 1 1 0 0 0 0 0
2251 4 0 0 3 0 0 0 0 0
2254 3 0 0 1 0 0 0 0 0
2267 1 0 0 0 0 0 0 0 0
2268 9 0 0 7 0 0 0 0 0
fn=open_verify
1857 84 1 1 0 0 0 48 0 0
1893 28 0 0 6 0 0 0 0 0
1905 2 1 1 1 0 0 0 0 0
1914 30 1 1 0 0 0 12 2 2
1915 12 0 0 0 0 0 0 0 0
1925 2 0 0 0 0 0 2 0 0
1926 14 1 1 0 0 0 4 1 1
1933 4 0 0 0 0 0 0 0 0
1949 20 1 1 0 0 0 2 0 0
1951 2 0 0 2 0 0 0 0 0
1953 8 0 0 0 0 0 2 0 0
2009 4 0 0 2 0 0 0 0 0
2014 4 1 1 2 0 0 0 0 0
2016 6 0 0 2 0 0 0 0 0
2022 4 0 0 2 0 0 0 0 0
2029 10 1 1 2 1 1 0 0 0
2030 8 0 0 2 0 0 0 0 0
2031 4 0 0 0 0 0 2 0 0
2046 106 0 0 18 0 0 0 0 0
2048 36 1 1 17 5 5 0 0 0
2052 8 0 0 4 0 0 0 0 0
2053 2 0 0 0 0 0 0 0 0
2062 18 2 2 0 0 0 3 0 0
2065 2 0 0 0 0 0 0 0 0
2066 6 0 0 2 0 0 0 0 0
2067 6 0 0 2 0 0 0 0 0
2069 6 0 0 0 0 0 0 0 0
2074 1 0 0 0 0 0 0 0 0
2075 1 0 0 0 0 0 0 0 0
2078 2 0 0 0 0 0 0 0 0
2081 3 0 0 1 0 0 0 0 0
2082 5 0 0 1 0 0 0 0 0
2083 2 0 0 1 0 0 0 0 0
2084 3 0 0 1 0 0 0 0 0
2085 5 0 0 1 0 0 0 0 0
2113 54 2 2 48 0 0 0 0 0
fl=/build/eglibc-rrybNj/eglibc-2.15/elf/dl-lookup.c
fn=_dl_lookup_symbol_x
477 5341 1 1 1267 93 89 0 0 0
478 5880 0 0 0 0 0 0 0 0
716 1274 2 2 0 0 0 819 6 0
718 182 0 0 0 0 0 91 1 0
719 182 0 0 0 0 0 182 1 0
722 91 0 0 91 2 0 0 0 0
726 352 1 1 85 0 0 0 0 0
730 91 0 0 0 0 0 91 0 0
731 182 0 0 91 0 0 0 0 0
733 182 0 0 182 3 0 0 0 0
737 562 1 1 277 0 0 0 0 0
739 1365 1 1 455 0 0 637 5 0
742 182 0 0 0 0 0 0 0 0
745 8 0 0 0 0 0 0 0 0
770 182 0 0 0 0 0 0 0 0
772 28 1 1 8 0 0 0 0 0
789 4 1 1 0 0 0 4 0 0
790 8 0 0 0 0 0 0 0 0
793 261 0 0 87 0 0 0 0 0
794 522 1 1 174 0 0 0 0 0
829 348 0 0 87 0 0 0 0 0
843 261 0 0 87 3 0 0 0 0
844 2 1 1 0 0 0 1 0 0
846 348 1 1 174 0 0 0 0 0
851 87 0 0 0 0 0 87 0 0
853 819 0 0 637 0 0 0 0 0
fn=_dl_setup_hash
861 4 1 1 0 0 0 0 0 0
864 12 0 0 4 0 0 0 0 0
868 4 0 0 4 0 0 0 0 0
872 8 0 0 4 4 4 4 0 0
873 4 1 1 4 0 0 0 0 0
874 4 0 0 4 1 1 0 0 0
876 12 0 0 0 0 0 0 0 0
877 4 0 0 0 0 0 4 0 0
878 12 0 0 4 0 0 4 0 0
880 4 0 0 0 0 0 4 0 0
881 8 0 0 0 0 0 0 0 0
883 4 0 0 0 0 0 4 0 0
884 4 0 0 0 0 0 0 0 0
885 16 1 1 0 0 0 4 0 0
899 8 0 0 4 0 0 0 0 0
fn=check_match.11236
132 609 2 2 0 0 0 348 2 0
133 174 0 0 87 10 6 0 0 0
135 522 1 1 174 7 7 0 0 0
137 261 0 0 87 0 0 0 0 0
147 261 0 0 87 0 0 87 5 0
150 276 1 1 138 0 0 17 0 0
154 174 0 0 174 1 0 0 0 0
155 261 0 0 87 0 0 0 0 0
157 170 0 0 0 0 0 0 0 0
176 170 1 1 170 5 2 0 0 0
177 680 0 0 255 3 0 0 0 0
178 425 1 1 170 1 0 85 0 0
205 4 0 0 0 0 0 0 0 0
207 12 0 0 4 1 0 0 0 0
208 8 0 0 2 0 0 0 0 0
223 609 1 1 435 0 0 0 0 0
fn=do_lookup_x
77 728 2 2 273 0 0 455 2 0
82 1092 1 1 182 0 0 637 7 0
83 91 0 0 91 1 0 0 0 0
89 91 0 0 91 0 0 0 0 0
95 283 0 0 0 0 0 283 0 0
96 283 0 0 0 0 0 283 0 0
98 849 0 0 566 7 0 283 0 0
101 566 1 1 0 0 0 0 0 0
105 566 0 0 283 0 0 0 0 0
109 566 0 0 283 7 0 0 0 0
113 566 0 0 283 1 0 0 0 0
120 849 1 1 283 0 0 0 0 0
124 849 0 0 566 13 0 283 1 0
125 849 0 0 566 4 0 283 0 0
226 283 0 0 283 0 0 0 0 0
227 566 0 0 0 0 0 0 0 0
229 283 0 0 283 41 32 0 0 0
230 182 0 0 0 0 0 0 0 0
231 566 0 0 283 0 0 0 0 0
233 182 0 0 0 0 0 0 0 0
234 1132 1 1 283 0 0 0 0 0
237 1132 0 0 0 0 0 0 0 0
238 849 0 0 0 0 0 0 0 0
240 184 0 0 184 47 43 0 0 0
241 368 1 1 0 0 0 0 0 0
242 184 0 0 0 0 0 0 0 0
244 276 0 0 92 0 0 0 0 0
247 890 1 1 178 60 57 0 0 0
249 522 1 1 174 0 0 87 0 0
250 783 0 0 87 0 0 435 2 0
251 522 0 0 348 0 0 0 0 0
254 273 0 0 0 0 0 0 0 0
258 196 0 0 0 0 0 196 0 0
262 91 0 0 0 0 0 0 0 0
282 392 0 0 196 0 0 0 0 0
287 652 1 1 87 0 0 0 0 0
291 120 1 1 11 2 0 87 0 0
304 174 0 0 87 0 0 87 0 0
305 174 0 0 87 0 0 87 0 0
306 174 0 0 0 0 0 0 0 0
462 1116 1 1 372 2 0 0 0 0
463 242 0 0 88 0 0 88 2 0
466 588 1 1 0 0 0 0 0 0
469 4 0 0 0 0 0 0 0 0
470 728 0 0 637 0 0 0 0 0
fl=/build/eglibc-rrybNj/eglibc-2.15/elf/dl-minimal.c
fn=__libc_memalign
53 84 1 1 0 0 0 42 0 0
54 84 1 1 42 0 0 0 0 0
59 3 0 0 0 0 0 1 0 0
60 3 1 1 1 0 0 0 0 0
61 1 0 0 0 0 0 0 0 0
65 63 0 0 0 0 0 21 0 0
66 21 0 0 0 0 0 0 0 0
68 135 0 0 0 0 0 0 0 0
72 12 1 1 3 0 0 0 0 0
73 6 0 0 0 0 0 0 0 0
79 21 0 0 0 0 0 3 0 0
81 6 0 0 0 0 0 0 0 0
83 9 0 0 6 0 0 0 0 0
85 9 0 0 0 0 0 3 0 0
88 21 0 0 0 0 0 21 0 0
89 21 0 0 0 0 0 21 0 0
91 105 0 0 63 0 0 0 0 0
fn=calloc
108 16 0 0 0 0 0 0 0 0
111 40 1 1 0 0 0 0 0 0
115 16 0 0 0 0 0 0 0 0
fn=malloc
95 20 1 1 0 0 0 0 0 0
96 40 0 0 0 0 0 0 0 0
fn=strsep
320 4 1 1 0 0 0 0 0 0
323 8 0 0 4 0 0 0 0 0
325 4 0 0 4 0 0 0 0 0
326 8 0 0 0 0 0 0 0 0
330 319 1 1 63 0 0 0 0 0
335 244 0 0 122 0 0 0 0 0
337 366 0 0 122 1 1 0 0 0
345 61 0 0 0 0 0 0 0 0
348 2 0 0 0 0 0 2 0 0
352 8 0 0 4 0 0 0 0 0
fl=/build/eglibc-rrybNj/eglibc-2.15/elf/dl-misc.c
fn=_dl_name_match_p
305 180 1 1 0 0 0 72 0 0
306 144 0 0 36 2 0 36 1 1
307 36 0 0 0 0 0 0 0 0
309 36 0 0 36 0 0 0 0 0
311 146 0 0 0 0 0 0 0 0
312 200 1 1 40 5 0 40 0 0
313 3 0 0 0 0 0 0 0 0
315 37 0 0 37 0 0 0 0 0
317 69 0 0 0 0 0 0 0 0
318 180 0 0 108 0 0 0 0 0
fn=_dl_sysdep_read_whole_file
44 7 1 1 0 0 0 4 0 0
45 1 1 1 0 0 0 0 0 0
51 4 0 0 0 0 0 1 0 0
52 2 0 0 0 0 0 0 0 0
54 6 0 0 0 0 0 1 0 0
56 2 0 0 1 0 0 1 0 0
59 2 0 0 0 0 0 0 0 0
61 9 1 1 0 0 0 1 0 0
72 2 0 0 0 0 0 1 0 0
75 7 0 0 5 0 0 0 0 0
fl=/build/eglibc-rrybNj/eglibc-2.15/elf/dl-object.c
fn=_dl_add_to_namespace_list
34 15 1 1 0 0 0 6 0 0
36 6 0 0 3 0 0 3 0 0
38 22 1 1 3 0 0 0 0 0
41 18 0 0 5 0 0 0 0 0
43 2 0 0 0 0 0 2 0 0
45 2 0 0 0 0 0 2 0 0
48 2 1 1 0 0 0 1 0 0
49 9 0 0 3 0 0 0 0 0
50 6 0 0 3 0 0 3 0 0
51 6 0 0 0 0 0 3 0 0
53 9 0 0 3 0 0 0 0 0
54 9 0 0 6 0 0 0 0 0
fn=_dl_new_object
61 5 0 0 0 0 0 0 0 0
63 39 1 1 0 0 0 27 1 1
64 12 0 0 0 0 0 3 1 1
70 42 1 1 6 0 0 0 0 0
77 15 0 0 0 0 0 6 0 0
80 9 1 1 3 0 0 0 0 0
83 3 0 0 0 0 0 3 3 3
84 6 0 0 0 0 0 3 3 3
88 6 0 0 0 0 0 3 1 1
89 12 0 0 0 0 0 6 1 1
91 3 1 1 0 0 0 3 0 0
93 3 0 0 0 0 0 3 0 0
94 18 0 0 6 3 3 3 0 0
97 6 0 0 3 0 0 0 0 0
98 6 1 1 0 0 0 3 3 3
99 3 1 1 0 0 0 3 1 1
103 6 0 0 3 0 0 3 0 0
106 38 0 0 0 0 0 0 0 0
108 32 0 0 0 0 0 16 4 4
118 6 0 0 0 0 0 3 0 0
119 3 1 1 0 0 0 3 3 3
122 1 0 0 0 0 0 0 0 0
124 23 1 1 6 1 1 0 0 0
126 10 0 0 0 0 0 2 0 0
129 8 0 0 0 0 0 0 0 0
133 6 0 0 2 0 0 0 0 0
137 15 0 0 2 0 0 0 0 0
145 1 1 1 0 0 0 1 1 1
148 6 0 0 0 0 0 3 0 0
151 9 1 1 3 0 0 0 0 0
153 8 0 0 0 0 0 4 0 0
157 4 0 0 0 0 0 0 0 0
161 6 0 0 0 0 0 2 0 0
162 8 0 0 0 0 0 0 0 0
207 8 1 1 2 0 0 2 0 0
212 82 0 0 0 0 0 0 0 0
213 84 0 0 42 0 0 0 0 0
215 4 0 0 0 0 0 0 0 0
218 4 0 0 0 0 0 2 0 0
221 2 0 0 0 0 0 2 1 1
225 27 1 1 21 0 0 0 0 0
fl=/build/eglibc-rrybNj/eglibc-2.15/elf/dl-reloc.c
fn=_dl_relocate_object
152 12 0 0 0 0 0 4 0 0
154 44 1 1 0 0 0 32 0 0
161 4 0 0 0 0 0 4 0 0
164 8 0 0 0 0 0 0 0 0
165 12 0 0 0 0 0 4 0 0
169 8 0 0 0 0 0 0 0 0
170 20 1 1 4 1 0 4 0 0
176 8 0 0 4 0 0 0 0 0
182 12 0 0 4 0 0 0 0 0
184 12 1 1 8 3 0 0 0 0
186 8 0 0 4 0 0 0 0 0
194 8 1 1 4 1 0 0 0 0
239 12 0 0 8 0 0 4 0 0
265 231 3 3 83 11 1 57 0 0
268 12 0 0 4 0 0 0 0 0
308 4 0 0 4 0 0 0 0 0
311 8 0 0 4 0 0 0 0 0
328 12 0 0 4 2 0 0 0 0
330 32 0 0 28 1 0 0 0 0
336 16 0 0 8 1 0 0 0 0
337 8 1 1 4 0 0 0 0 0
338 8 0 0 0 0 0 0 0 0
341 8 0 0 0 0 0 0 0 0
342 20 1 1 0 0 0 4 0 0
fl=/build/eglibc-rrybNj/eglibc-2.15/elf/dl-tls.c
fn=_dl_add_to_slotinfo
817 4 1 1 0 0 0 3 0 0
823 2 0 0 1 0 0 0 0 0
826 1 0 0 1 1 0 0 0 0
831 3 1 1 1 0 0 0 0 0
872 4 0 0 0 0 0 1 1 0
873 3 1 1 1 1 0 1 0 0
874 4 0 0 4 0 0 0 0 0
fn=_dl_allocate_tls_init
376 5 1 1 1 0 0 0 0 0
377 8 1 1 0 0 0 7 0 0
378 2 0 0 0 0 0 0 0 0
382 2 0 0 1 1 0 1 0 0
384 1 0 0 0 0 0 0 0 0
385 1 0 0 0 0 0 0 0 0
390 5 1 1 2 0 0 1 0 0
395 9 0 0 1 0 0 0 0 0
401 7 0 0 0 0 0 0 0 0
404 1 1 1 1 0 0 0 0 0
405 2 0 0 0 0 0 0 0 0
411 3 0 0 1 0 0 0 0 0
413 2 1 1 0 0 0 0 0 0
414 1 0 0 1 0 0 0 0 0
423 2 0 0 1 0 0 0 0 0
424 4 0 0 2 0 0 0 0 0
426 2 0 0 0 0 0 0 0 0
427 2 1 1 1 0 0 0 0 0
435 4 0 0 1 0 0 1 1 0
436 1 0 0 0 0 0 1 0 0
437 11 0 0 4 0 0 2 0 0
451 2 1 1 1 0 0 1 0 0
454 9 0 0 8 0 0 0 0 0
fn=_dl_allocate_tls_storage
296 3 1 1 1 0 0 1 1 1
297 3 0 0 0 0 0 1 0 0
298 2 0 0 0 0 0 0 0 0
307 2 0 0 0 0 0 1 0 0
329 3 1 1 0 0 0 3 0 0
331 1 0 0 1 0 0 0 0 0
342 4 0 0 1 0 0 1 0 0
343 2 0 0 0 0 0 0 0 0
350 1 0 0 0 0 0 0 0 0
354 306 1 1 0 0 0 288 36 36
371 5 0 0 4 0 0 0 0 0
fn=_dl_determine_tlsoffset
113 7 1 1 0 0 0 6 0 0
119 3 1 1 1 0 0 0 0 0
122 2 0 0 1 0 0 0 0 0
158 10 0 0 2 0 0 0 0 0
160 9 1 1 1 0 0 0 0 0
162 3 1 1 1 0 0 0 0 0
163 2 1 1 1 0 0 0 0 0
165 2 0 0 0 0 0 0 0 0
167 5 0 0 1 0 0 0 0 0
179 2 0 0 0 0 0 0 0 0
183 7 0 0 0 0 0 0 0 0
185 3 0 0 0 0 0 0 0 0
186 1 0 0 0 0 0 0 0 0
195 1 1 1 0 0 0 1 0 0
198 6 0 0 0 0 0 1 0 0
199 1 0 0 0 0 0 1 0 0
250 1 0 0 0 0 0 1 0 0
251 8 1 1 7 0 0 0 0 0
fn=_dl_next_tls_modid
51 1 1 1 0 0 0 0 0 0
54 3 0 0 2 0 0 0 0 0
102 2 0 0 0 0 0 1 0 0
106 2 0 0 1 0 0 0 0 0
fl=/build/eglibc-rrybNj/eglibc-2.15/elf/dl-version.c
fn=_dl_check_all_versions
387 7 1 1 0 0 0 4 0 0
389 1 0 0 0 0 0 0 0 0
391 16 0 0 4 0 0 0 0 0
392 28 0 0 4 0 0 0 0 0
393 16 1 1 0 0 0 4 0 0
396 7 0 0 5 0 0 0 0 0
fn=_dl_check_map_versions
62 28 0 0 6 0 0 0 0 0
63 5 0 0 5 0 0 0 0 0
64 35 1 1 0 0 0 7 0 0
180 44 1 1 0 0 0 32 0 0
181 2 0 0 0 0 0 0 0 0
189 2 0 0 0 0 0 0 0 0
195 12 0 0 4 0 0 0 0 0
197 8 0 0 4 0 0 4 0 0
199 8 0 0 4 0 0 4 0 0
200 8 1 1 4 0 0 4 0 0
202 8 0 0 0 0 0 0 0 0
205 8 0 0 4 0 0 2 0 0
209 12 0 0 4 2 2 0 0 0
226 6 1 1 4 0 0 2 0 0
230 4 0 0 0 0 0 0 0 0
234 6 0 0 2 0 0 0 0 0
239 8 0 0 4 0 0 0 0 0
243 50 1 1 29 1 1 6 0 0
251 6 1 1 3 0 0 0 0 0
254 9 0 0 3 0 0 0 0 0
259 1 0 0 0 0 0 0 0 0
263 8 0 0 4 0 0 0 0 0
277 8 1 1 4 0 0 0 0 0
280 58 0 0 6 0 0 0 0 0
283 50 0 0 25 6 6 0 0 0
286 75 0 0 25 3 3 0 0 0
290 23 0 0 0 0 0 0 0 0
294 8 0 0 0 0 0 0 0 0
299 3 0 0 0 0 0 3 0 0
300 12 1 1 0 0 0 3 0 0
301 6 0 0 0 0 0 0 0 0
309 3 0 0 0 0 0 3 0 0
312 9 1 1 6 1 0 3 0 0
314 6 0 0 3 0 0 0 0 0
317 8 0 0 8 0 0 0 0 0
321 6 0 0 2 0 0 0 0 0
324 9 0 0 3 0 0 0 0 0
326 9 1 1 0 0 0 0 0 0
328 15 0 0 3 0 0 3 0 0
329 6 0 0 0 0 0 3 2 2
330 9 0 0 3 0 0 3 1 1
331 9 0 0 3 0 0 3 0 0
334 9 0 0 3 0 0 0 0 0
339 1 0 0 0 0 0 0 0 0
342 6 1 1 2 0 0 0 0 0
352 6 0 0 3 0 0 0 0 0
355 10 0 0 8 0 0 0 0 0
359 25 0 0 25 0 0 0 0 0
361 50 0 0 25 0 0 0 0 0
365 23 0 0 23 0 0 0 0 0
366 115 0 0 23 0 0 23 6 6
367 69 0 0 23 0 0 23 0 0
368 23 0 0 0 0 0 23 3 3
371 77 1 1 25 0 0 0 0 0
375 23 0 0 0 0 0 0 0 0
381 36 0 0 28 0 0 0 0 0
fn=match_symbol
82 39 2 2 0 0 0 21 0 0
83 6 0 0 6 0 0 0 0 0
91 6 0 0 3 0 0 0 0 0
97 9 0 0 3 0 0 0 0 0
112 3 0 0 3 0 0 0 0 0
113 6 1 1 0 0 0 0 0 0
115 3 0 0 3 0 0 0 0 0
120 20 0 0 10 2 2 0 0 0
134 20 0 0 10 1 1 0 0 0
136 3 1 1 3 1 1 0 0 0
139 24 0 0 6 0 0 6 0 0
142 3 1 1 0 0 0 0 0 0
146 21 0 0 7 0 0 0 0 0
150 7 0 0 0 0 0 0 0 0
174 24 0 0 21 0 0 0 0 0
fl=/build/eglibc-rrybNj/eglibc-2.15/elf/do-rel.h
fn=_dl_relocate_object
56 16 0 0 8 0 0 0 0 0
57 8 0 0 8 0 0 0 0 0
67 24 1 1 8 0 0 0 0 0
70 72 0 0 0 0 0 0 0 0
72 57 1 1 19 6 6 0 0 0
74 17 0 0 0 0 0 0 0 0
83 6 1 1 0 0 0 0 0 0
84 21 0 0 1 0 0 0 0 0
85 10 0 0 5 0 0 0 0 0
93 15 1 1 10 0 0 5 0 0
95 10 0 0 0 0 0 0 0 0
107 15 1 1 0 0 0 0 0 0
117 9 1 1 1 1 1 0 0 0
120 3600 0 0 0 0 0 0 0 0
121 2396 0 0 1198 149 149 0 0 0
127 15 0 0 5 4 0 0 0 0
130 8 1 1 4 2 0 4 1 0
133 308 2 2 101 0 0 3 0 0
136 475 1 1 95 25 23 0 0 0
145 285 0 0 190 43 40 0 0 0
146 542 0 0 95 0 0 95 1 0
147 176 0 0 95 1 0 0 0 0
148 190 0 0 190 1 0 0 0 0
152 6 0 0 0 0 0 0 0 0
169 21 4 4 5 0 0 4 0 0
171 15 1 1 3 1 1 0 0 0
179 15 0 0 3 0 0 3 0 0
180 6 0 0 6 0 0 0 0 0
183 2 0 0 0 0 0 0 0 0
184 8 1 1 8 0 0 0 0 0
fn=_dl_start
92 1 0 0 1 0 0 0 0 0
93 1 0 0 1 0 0 0 0 0
95 2 0 0 0 0 0 0 0 0
120 44 0 0 0 0 0 0 0 0
121 28 0 0 14 2 2 0 0 0
125 2 1 1 1 0 0 0 0 0
133 28 0 0 0 0 0 0 0 0
146 32 0 0 8 2 2 0 0 0
148 16 0 0 8 0 0 0 0 0
fl=/build/eglibc-rrybNj/eglibc-2.15/elf/dynamic-link.h
fn=_dl_map_object_from_fd
115 4 0 0 0 0 0 0 0 0
119 2 0 0 0 0 0 0 0 0
121 129 0 0 43 12 12 0 0 0
123 82 1 1 0 0 0 0 0 0
128 42 0 0 0 0 0 0 0 0
129 65 0 0 0 0 0 39 10 10
130 8 0 0 0 0 0 0 0 0
133 10 1 1 0 0 0 0 0 0
136 10 0 0 0 0 0 0 0 0
137 2 0 0 0 0 0 0 0 0
138 6 0 0 0 0 0 2 0 0
139 41 0 0 0 0 0 0 0 0
146 4 1 1 0 0 0 0 0 0
166 7 0 0 3 0 0 0 0 0
167 8 0 0 4 0 0 0 0 0
168 8 0 0 4 0 0 0 0 0
169 8 1 1 4 0 0 0 0 0
171 8 0 0 4 0 0 0 0 0
176 8 0 0 4 0 0 0 0 0
177 7 0 0 3 1 1 0 0 0
178 8 1 1 4 0 0 0 0 0
184 6 0 0 2 0 0 0 0 0
189 4 0 0 2 0 0 0 0 0
196 4 0 0 2 0 0 0 0 0
197 6 0 0 4 0 0 0 0 0
213 6 1 1 2 1 1 0 0 0
218 3 0 0 1 0 0 1 1 1
220 2 0 0 0 0 0 0 0 0
222 2 0 0 0 0 0 0 0 0
224 2 0 0 0 0 0 0 0 0
227 6 1 1 2 0 0 0 0 0
229 2 0 0 1 0 0 1 0 0
231 2 0 0 0 0 0 0 0 0
234 4 0 0 2 0 0 0 0 0
fn=_dl_start
121 64 0 0 22 6 6 0 0 0
123 40 0 0 0 0 0 0 0 0
124 30 0 0 0 0 0 15 4 4
128 21 1 1 0 0 0 0 0 0
129 17 1 1 0 0 0 4 3 3
130 4 1 1 0 0 0 0 0 0
133 5 1 1 0 0 0 0 0 0
136 5 2 2 0 0 0 0 0 0
137 1 0 0 0 0 0 0 0 0
138 4 0 0 0 0 0 1 1 1
139 20 0 0 0 0 0 0 0 0
146 2 0 0 0 0 0 0 0 0
166 4 1 1 2 0 0 0 0 0
167 4 0 0 2 0 0 0 0 0
168 4 0 0 2 0 0 0 0 0
169 4 0 0 2 0 0 0 0 0
171 4 1 1 2 0 0 0 0 0
176 4 0 0 2 0 0 0 0 0
177 4 0 0 2 0 0 0 0 0
178 4 0 0 2 0 0 0 0 0
184 3 1 1 1 0 0 0 0 0
189 2 0 0 1 0 0 0 0 0
196 3 0 0 1 0 0 0 0 0
197 3 0 0 2 0 0 0 0 0
205 3 0 0 1 0 0 0 0 0
207 3 1 1 1 0 0 0 0 0
210 2 0 0 1 0 0 0 0 0
211 2 0 0 1 0 0 0 0 0
fn=dl_main
106 1 0 0 1 0 0 0 0 0
115 2 0 0 0 0 0 0 0 0
119 1 0 0 0 0 0 0 0 0
121 62 1 1 20 6 6 0 0 0
123 38 0 0 0 0 0 0 0 0
128 17 0 0 0 0 0 0 0 0
129 29 0 0 0 0 0 18 5 5
130 4 0 0 0 0 0 0 0 0
133 5 2 2 0 0 0 0 0 0
136 5 2 2 0 0 0 0 0 0
137 1 0 0 0 0 0 0 0 0
138 3 0 0 0 0 0 1 0 0
139 19 0 0 0 0 0 0 0 0
146 3 0 0 1 0 0 0 0 0
184 3 1 1 1 0 0 0 0 0
189 2 0 0 1 0 0 0 0 0
196 2 0 0 1 0 0 0 0 0
197 3 0 0 2 0 0 0 0 0
213 3 0 0 1 0 0 0 0 0
227 3 1 1 1 0 0 0 0 0
234 2 1 1 1 0 0 0 0 0
fl=/build/eglibc-rrybNj/eglibc-2.15/elf/rtld.c
fn=_dl_initial_error_catch_tsd
804 8 0 0 4 0 0 0 0 0
fn=_dl_start
291 68 3 3 1 0 0 1 0 0
303 2 1 1 0 0 0 1 1 1
304 2 0 0 0 0 0 1 0 0
305 2 0 0 0 0 0 1 1 1
306 2 0 0 0 0 0 1 0 0
307 2 0 0 0 0 0 1 0 0
328 5 0 0 0 0 0 1 1 1
332 1 0 0 0 0 0 1 0 0
338 4 1 1 0 0 0 1 0 0
347 4 0 0 0 0 0 0 0 0
350 2 0 0 1 1 0 1 1 0
354 2 1 0 1 0 0 0 0 0
367 4 0 0 0 0 0 0 0 0
368 9 1 1 0 0 0 6 1 1
386 5 1 1 0 0 0 1 1 1
412 1 0 0 0 0 0 1 1 1
415 3 0 0 1 1 1 1 0 0
543 3 1 1 1 0 0 0 0 0
548 24 2 2 9 0 0 0 0 0
550 1 0 0 1 1 1 0 0 0
575 9 0 0 7 1 0 0 0 0
fn=dl_main
725 2 0 0 1 0 0 1 0 0
729 5 1 1 1 0 0 1 0 0
892 42 0 0 0 0 0 0 0 0
896 12 1 1 0 0 0 7 2 2
902 1 0 0 0 0 0 0 0 0
904 2 0 0 0 0 0 0 0 0
905 1 0 0 0 0 0 0 0 0
911 1 0 0 0 0 0 0 0 0
915 2 0 0 0 0 0 1 0 0
918 2 1 1 0 0 0 1 1 1
922 2 0 0 0 0 0 1 0 0
923 2 1 1 0 0 0 1 0 0
928 2 0 0 0 0 0 1 1 1
931 2 0 0 0 0 0 1 1 1
938 3 0 0 1 0 0 0 0 0
1126 8 1 1 0 0 0 1 0 0
1128 2 0 0 0 0 0 0 0 0
1129 1 1 1 0 0 0 1 1 1
1130 1 0 0 0 0 0 1 0 0
1131 2 0 0 1 0 0 1 0 0
1135 3 0 0 0 0 0 1 0 0
1136 4 0 0 1 0 0 0 0 0
1157 1 0 0 0 0 0 1 0 0
1158 1 0 0 0 0 0 1 0 0
1160 1 0 0 0 0 0 1 0 0
1162 1 0 0 1 0 0 0 0 0
1165 35 2 2 2 0 0 0 0 0
1166 71 1 1 9 5 5 0 0 0
1170 3 1 1 1 0 0 1 0 0
1171 1 0 0 0 0 0 0 0 0
1175 3 1 1 2 0 0 1 0 0
1176 1 1 1 0 0 0 0 0 0
1184 1 0 0 0 0 0 1 1 1
1185 2 1 1 2 1 1 0 0 0
1187 2 0 0 0 0 0 1 0 0
1194 2 0 0 1 0 0 0 0 0
1212 1 0 0 0 0 0 0 0 0
1220 2 0 0 2 0 0 0 0 0
1221 10 1 1 3 1 1 0 0 0
1222 4 1 1 2 0 0 0 0 0
1223 1 0 0 0 0 0 1 0 0
1226 4 0 0 4 1 1 0 0 0
1227 4 0 0 2 0 0 0 0 0
1228 2 0 0 0 0 0 2 0 0
1229 6 0 0 3 0 0 0 0 0
1230 2 0 0 0 0 0 1 0 0
1247 3 2 1 1 0 0 0 0 0
1257 2 0 0 1 0 0 1 0 0
1258 1 0 0 0 0 0 0 0 0
1261 2 1 1 1 0 0 1 0 0
1262 2 0 0 1 0 0 1 0 0
1263 1 0 0 0 0 0 0 0 0
1268 3 0 0 1 1 1 0 0 0
1271 2 0 0 0 0 0 0 0 0
1273 2 0 0 0 0 0 0 0 0
1275 2 1 1 1 0 0 0 0 0
1288 3 0 0 1 0 0 0 0 0
1289 9 1 1 5 0 0 1 0 0
1294 1 0 0 0 0 0 1 0 0
1296 1 1 1 0 0 0 1 1 1
1297 1 0 0 0 0 0 1 0 0
1299 2 0 0 1 0 0 0 0 0
1300 2 0 0 0 0 0 1 0 0
1304 2 1 1 1 0 0 0 0 0
1306 2 0 0 0 0 0 0 0 0
1311 2 0 0 0 0 0 1 0 0
1314 2 0 0 1 0 0 0 0 0
1330 2 0 0 0 0 0 1 0 0
1334 2 0 0 1 0 0 0 0 0
1428 9 2 2 1 0 0 2 0 0
1433 2 0 0 1 0 0 1 0 0
1436 4 0 0 1 0 0 2 0 0
1438 1 0 0 0 0 0 1 0 0
1443 2 0 0 1 0 0 0 0 0
1446 4 2 2 2 0 0 1 0 0
1447 4 1 1 1 0 0 1 0 0
1448 2 0 0 0 0 0 1 0 0
1449 1 0 0 0 0 0 1 0 0
1450 1 0 0 1 0 0 0 0 0
1451 1 0 0 1 0 0 0 0 0
1456 2 0 0 1 0 0 0 0 0
1457 4 0 0 1 0 0 1 0 0
1461 1 1 1 1 0 0 0 0 0
1463 2 0 0 1 1 1 0 0 0
1464 1 0 0 0 0 0 1 0 0
1465 2 0 0 1 0 0 1 1 1
1469 1 0 0 0 0 0 0 0 0
1470 3 0 0 0 0 0 0 0 0
1471 4 1 1 1 1 1 0 0 0
1473 2 0 0 1 0 0 1 1 1
1474 2 0 0 1 0 0 1 0 0
1479 2 0 0 1 0 0 0 0 0
1484 3 1 1 1 0 0 0 0 0
1665 3 0 0 1 0 0 0 0 0
1668 2 0 0 1 0 0 1 0 0
1672 3 0 0 1 0 0 0 0 0
1677 2 1 1 1 0 0 1 0 0
1678 1 0 0 0 0 0 1 0 0
1682 3 0 0 1 0 0 0 0 0
1697 3 0 0 2 0 0 0 0 0
1699 1 0 0 0 0 0 0 0 0
1701 3 0 0 1 0 0 0 0 0
1708 11 2 2 0 0 0 3 0 0
1711 7 0 0 0 0 0 1 0 0
1714 12 0 0 0 0 0 2 0 0
1715 2 0 0 1 0 0 0 0 0
1716 3 1 1 1 0 0 0 0 0
1718 6 0 0 0 0 0 1 0 0
1720 4 0 0 0 0 0 0 0 0
1721 2 1 1 2 0 0 0 0 0
1722 3 0 0 0 0 0 1 0 0
1732 5 1 1 0 0 0 1 0 0
1809 4 0 0 2 0 0 0 0 0
1813 8 2 2 0 0 0 0 0 0
1814 1 0 0 0 0 0 0 0 0
1817 3 0 0 0 0 0 1 0 0
1818 1 0 0 1 0 0 0 0 0
1819 2 0 0 0 0 0 0 0 0
1820 2 0 0 0 0 0 0 0 0
1826 5 0 0 0 0 0 0 0 0
1827 7 1 1 1 0 0 1 0 0
1828 4 0 0 0 0 0 0 0 0
1830 2 0 0 1 0 0 0 0 0
1833 13 0 0 2 0 0 0 0 0
1834 16 1 1 8 0 0 0 0 0
1837 3 0 0 2 0 0 1 0 0
1838 3 0 0 1 0 0 0 0 0
1839 1 0 0 0 0 0 1 0 0
1841 9 1 1 0 0 0 0 0 0
1842 13 2 2 4 0 0 0 0 0
1852 2 0 0 0 0 0 1 0 0
1854 2 0 0 1 0 0 1 0 0
1855 3 0 0 1 0 0 0 0 0
1857 2 0 0 0 0 0 1 0 0
1859 3 0 0 0 0 0 0 0 0
1861 3 0 0 1 0 0 0 0 0
1862 1 0 0 1 0 0 0 0 0
1875 2 1 1 0 0 0 0 0 0
1876 2 0 0 0 0 0 1 0 0
1877 3 0 0 1 0 0 0 0 0
1888 5 0 0 1 0 0 1 0 0
1889 4 0 0 0 0 0 1 0 0
1890 4 1 1 0 0 0 1 0 0
1900 2 0 0 1 0 0 1 0 0
1901 2 0 0 0 0 0 0 0 0
1904 2 1 1 1 0 0 0 0 0
1907 1 0 0 0 0 0 1 0 0
1909 3 0 0 1 0 0 0 0 0
2137 3 0 0 1 0 0 0 0 0
2139 1 0 0 1 0 0 0 0 0
2193 2 1 1 0 0 0 1 0 0
2197 4 1 1 2 0 0 2 0 0
2201 2 0 0 1 0 0 1 0 0
2204 2 0 0 0 0 0 0 0 0
2212 2 0 0 0 0 0 0 0 0
2258 4 0 0 1 0 0 1 0 0
2265 1 0 0 1 0 0 0 0 0
2267 5 1 1 0 0 0 0 0 0
2268 5 0 0 1 0 0 1 0 0
2269 14 0 0 0 0 0 0 0 0
2271 12 0 0 8 2 0 0 0 0
2276 8 0 0 8 0 0 0 0 0
2278 10 1 1 0 0 0 0 0 0
2280 1 1 1 0 0 0 1 0 0
2281 1 0 0 1 0 0 0 0 0
2283 4 0 0 4 0 0 0 0 0
2285 12 0 0 0 0 0 0 0 0
2286 24 0 0 9 3 0 3 0 0
2290 10 0 0 5 1 0 0 0 0
2291 3 0 0 0 0 0 1 0 0
2293 4 0 0 0 0 0 0 0 0
2295 2 0 0 0 0 0 1 0 0
2301 2 0 0 1 0 0 0 0 0
2310 4 1 1 2 0 0 0 0 0
2311 1 0 0 1 0 0 0 0 0
2316 2 0 0 0 0 0 1 0 0
2320 2 0 0 1 0 0 0 0 0
2334 3 1 1 2 1 0 0 0 0
2336 4 0 0 1 0 0 0 0 0
2351 5 1 1 0 0 0 0 0 0
2353 1 0 0 1 0 0 0 0 0
2354 5 0 0 1 0 0 1 0 0
2355 4 0 0 0 0 0 0 0 0
2357 2 0 0 1 0 0 0 0 0
2365 1 0 0 0 0 0 1 0 0
2369 3 0 0 1 0 0 0 0 0
2389 3 0 0 0 0 0 1 0 0
2390 1 0 0 0 0 0 1 0 0
2391 1 0 0 0 0 0 1 0 0
2395 1 0 0 0 0 0 1 0 0
2400 8 0 0 7 2 0 0 0 0
fn=do_preload
810 6 1 1 0 0 0 3 0 0
812 1 1 1 0 0 0 1 0 0
816 1 0 0 0 0 0 1 0 0
817 1 0 0 0 0 0 1 0 0
818 1 0 0 0 0 0 1 0 0
820 1 0 0 1 0 0 0 0 0
822 6 0 0 0 0 0 1 0 0
823 2 0 0 1 0 0 0 0 0
833 3 0 0 1 0 0 0 0 0
837 5 1 1 4 0 0 0 0 0
fn=init_tls.part.3
722 1 0 0 0 0 0 1 0 0
735 3 0 0 1 0 0 1 0 0
738 1 0 0 0 0 0 1 0 0
739 4 0 0 0 0 0 1 0 0
746 1 0 0 0 0 0 1 1 1
750 2 1 1 1 1 1 0 0 0
751 2 0 0 0 0 0 0 0 0
752 11 1 1 1 0 0 0 0 0
753 4 0 0 4 0 0 0 0 0
754 8 0 0 4 0 0 0 0 0
758 4 0 0 0 0 0 1 0 0
760 1 0 0 0 0 0 0 0 0
762 3 0 0 0 0 0 0 0 0
765 1 0 0 0 0 0 1 0 0
772 2 0 0 0 0 0 1 0 0
773 2 1 1 0 0 0 0 0 0
779 2 0 0 1 0 0 1 0 0
787 7 1 1 0 0 0 2 0 0
791 1 0 0 0 0 0 1 0 0
794 3 0 0 2 0 0 0 0 0
fn=map_doit
631 2 1 1 0 0 0 1 0 0
633 8 1 1 3 0 0 2 0 0
635 2 0 0 2 0 0 0 0 0
fn=process_envvars
2561 9 2 2 0 0 0 6 1 1
2562 2 0 0 1 0 0 1 1 1
2564 1 0 0 0 0 0 0 0 0
2565 1 0 0 0 0 0 0 0 0
2569 7 0 0 1 0 0 1 1 1
2571 15 1 1 0 0 0 3 0 0
2575 103 0 0 21 0 0 0 0 0
2576 19 0 0 0 0 0 0 0 0
2578 4 0 0 0 0 0 0 0 0
2584 13 0 0 2 1 1 0 0 0
2607 6 2 2 0 0 0 1 0 0
2614 6 0 0 0 0 0 1 0 0
2616 2 0 0 0 0 0 1 1 1
2617 1 0 0 0 0 0 0 0 0
2660 6 1 1 0 0 0 1 0 0
2662 2 1 1 0 0 0 1 0 0
2663 1 0 0 0 0 0 0 0 0
2733 1 0 0 0 0 0 1 0 0
2737 3 1 1 1 0 0 0 0 0
2770 2 0 0 0 0 0 0 0 0
2792 8 0 0 7 0 0 0 0 0
fn=rtld_lock_default_lock_recursive
844 5 1 1 5 2 1 0 0 0
845 5 0 0 5 0 0 0 0 0
fn=rtld_lock_default_unlock_recursive
850 5 0 0 5 1 0 0 0 0
851 5 0 0 5 0 0 0 0 0
fn=security_init
857 2 1 1 0 0 0 1 0 0
859 1 0 0 1 0 0 0 0 0
861 1 0 0 0 0 0 1 0 0
867 3 0 0 1 0 0 0 0 0
869 1 1 1 1 0 0 0 0 0
872 1 0 0 0 0 0 1 0 0
874 1 0 0 0 0 0 1 0 0
880 1 0 0 0 0 0 1 0 0
881 3 0 0 2 0 0 0 0 0
fn=version_check_doit
663 2 1 1 0 0 0 1 0 0
665 6 0 0 2 0 0 1 0 0
669 2 0 0 2 0 0 0 0 0
fl=/build/eglibc-rrybNj/eglibc-2.15/io/../sysdeps/unix/syscall-template.S
fn=__write_nocancel
82 45 0 0 9 0 0 0 0 0
fn=access
82 12 1 1 0 0 0 0 0 0
83 3 0 0 3 0 0 0 0 0
84 18 0 0 0 0 0 3 1 1
fn=close
82 12 0 0 0 0 0 0 0 0
83 3 0 0 3 0 0 0 0 0
fn=open
82 28 1 1 0 0 0 0 0 0
83 7 0 0 7 0 0 0 0 0
84 24 0 0 0 0 0 4 0 0
fn=read
82 8 1 1 0 0 0 0 0 0
83 2 0 0 2 0 0 0 0 0
fn=write
82 18 1 1 9 0 0 0 0 0
fl=/build/eglibc-rrybNj/eglibc-2.15/io/../sysdeps/unix/sysv/linux/wordsize-64/fxstat.c
fn=_fxstat
36 4 0 0 0 0 0 0 0 0
37 8 2 2 0 0 0 0 0 0
38 24 0 0 0 0 0 0 0 0
42 4 0 0 4 0 0 0 0 0
fl=/build/eglibc-rrybNj/eglibc-2.15/io/../sysdeps/unix/sysv/linux/wordsize-64/xstat.c
fn=_xstat
36 4 0 0 0 0 0 0 0 0
37 8 1 1 0 0 0 0 0 0
38 36 0 0 3 0 0 3 0 0
42 1 0 0 1 0 0 0 0 0
fl=/build/eglibc-rrybNj/eglibc-2.15/libio/../sysdeps/unix/sysv/linux/sys/sysmacros.h
fn=_IO_file_doallocate
47 6 1 1 0 0 0 0 0 0
fl=/build/eglibc-rrybNj/eglibc-2.15/libio/filedoalloc.c
fn=_IO_file_doallocate
99 5 1 1 0 0 0 3 0 0
113 2 0 0 0 0 0 0 0 0
114 9 1 1 3 0 0 1 0 0
116 4 0 0 1 0 0 0 0 0
119 2 0 0 0 0 0 0 0 0
121 2 1 1 1 0 0 0 0 0
124 2 0 0 1 0 0 0 0 0
127 4 0 0 1 0 0 0 0 0
128 3 1 1 0 0 0 0 0 0
131 9 0 0 0 0 0 1 0 0
132 5 0 0 0 0 0 1 0 0
133 1 0 0 0 0 0 0 0 0
134 5 0 0 4 0 0 0 0 0
fl=/build/eglibc-rrybNj/eglibc-2.15/libio/fileops.c
fn=_IO_do_write@@GLIBC_2.2.5
514 20 0 0 0 0 0 10 0 0
516 75 2 2 0 0 0 9 0 0
517 20 0 0 20 0 0 0 0 0
fn=_IO_file_overflow@@GLIBC_2.2.5
850 65 1 1 0 0 0 39 0 0
851 39 0 0 13 0 0 0 0 0
858 74 0 0 24 0 0 0 0 0
861 2 1 1 1 0 0 0 0 0
863 2 1 1 0 0 0 1 0 0
864 6 1 1 2 0 0 3 0 0
873 2 0 0 0 0 0 0 0 0
882 4 0 0 2 0 0 0 0 0
884 1 0 0 0 0 0 1 0 0
885 1 0 0 0 0 0 1 0 0
886 1 0 0 0 0 0 1 0 0
887 2 1 1 0 0 0 2 0 0
889 2 0 0 0 0 0 1 0 0
890 6 0 0 1 0 0 0 0 0
891 2 0 0 0 0 0 1 0 0
893 26 1 1 0 0 0 0 0 0
894 10 1 1 0 0 0 0 0 0
895 5 0 0 0 0 0 0 0 0
896 16 0 0 8 0 0 0 0 0
899 24 0 0 0 0 0 16 1 0
900 24 0 0 8 0 0 0 0 0
901 26 0 0 0 0 0 0 0 0
902 20 0 0 0 0 0 5 0 0
903 10 1 1 5 0 0 0 0 0
905 8 0 0 0 0 0 0 0 0
906 47 0 0 47 0 0 0 0 0
fn=_IO_file_setbuf@@GLIBC_2.2.5
466 2 1 1 0 0 0 1 0 0
467 3 0 0 0 0 0 1 0 0
470 2 0 0 0 0 0 2 0 0
471 2 1 1 1 0 0 1 0 0
472 3 0 0 0 0 0 3 0 0
475 3 0 0 2 0 0 0 0 0
fn=_IO_file_stat
1246 1 1 1 0 0 0 0 0 0
1248 3 0 0 1 0 0 0 0 0
fn=_IO_file_sync@@GLIBC_2.2.5
912 2 1 1 0 0 0 1 0 0
917 4 0 0 2 0 0 0 0 0
919 1 1 1 1 0 0 0 0 0
920 2 0 0 1 0 0 0 0 0
937 2 0 0 0 0 0 1 0 0
941 2 0 0 2 0 0 0 0 0
fn=_IO_file_write@@GLIBC_2.2.5
1282 72 1 1 0 0 0 36 0 0
1284 90 1 1 0 0 0 0 0 0
1288 27 0 0 9 0 0 0 0 0
1289 27 1 1 9 0 0 9 1 0
1290 18 0 0 0 0 0 0 0 0
1295 9 0 0 0 0 0 0 0 0
1296 9 0 0 0 0 0 0 0 0
1299 27 0 0 9 0 0 0 0 0
1302 54 0 0 45 0 0 0 0 0
fn=_IO_file_xsputn@@GLIBC_2.2.5
1305 132 2 2 0 0 0 0 0 0
1309 153 1 1 0 0 0 85 1 0
1315 34 1 1 0 0 0 0 0 0
1316 17 0 0 0 0 0 0 0 0
1322 60 0 0 15 0 0 0 0 0
1324 42 0 0 28 0 0 0 0 0
1325 42 1 1 0 0 0 0 0 0
1328 146 1 1 0 0 0 0 0 0
1330 148 0 0 46 0 0 0 0 0
1332 16 1 1 0 0 0 0 0 0
1339 5 0 0 2 1 1 0 0 0
1343 54 0 0 0 0 0 0 0 0
1347 28 0 0 0 0 0 0 0 0
1350 10 0 0 0 0 0 4 0 0
1355 2 0 0 0 0 0 0 0 0
1359 12 0 0 0 0 0 0 0 0
1361 100 0 0 0 0 0 0 0 0
1362 132 0 0 44 0 0 44 0 0
1363 24 0 0 0 0 0 12 0 0
1365 42 0 0 0 0 0 0 0 0
1367 42 0 0 0 0 0 0 0 0
1371 30 0 0 10 1 0 5 0 0
1378 10 1 1 10 0 0 0 0 0
1379 30 0 0 0 0 0 0 0 0
1381 15 0 0 0 0 0 0 0 0
1392 10 0 0 0 0 0 0 0 0
1393 6 1 1 0 0 0 1 0 0
1395 30 1 1 0 0 0 0 0 0
1396 119 0 0 102 0 0 0 0 0
fn=new_do_write
526 72 1 1 0 0 0 36 1 0
528 27 0 0 9 0 0 0 0 0
535 36 1 1 18 0 0 0 0 0
543 54 1 1 18 0 0 9 0 0
544 45 1 1 9 0 0 0 0 0
547 36 1 1 9 0 0 27 0 0
548 18 0 0 0 0 0 18 0 0
549 9 0 0 0 0 0 9 0 0
550 18 0 0 9 0 0 0 0 0
551 27 0 0 9 0 0 0 0 0
553 63 0 0 45 0 0 0 0 0
fl=/build/eglibc-rrybNj/eglibc-2.15/libio/genops.c
fn=_IO_cleanup
951 12 1 1 4 0 0 0 0 0
953 12 0 0 3 0 0 0 0 0
954 4 0 0 0 0 0 0 0 0
955 2 0 0 0 0 0 0 0 0
957 3 0 0 1 0 0 0 0 0
962 18 2 2 6 0 0 2 0 0
969 5 0 0 2 0 0 0 0 0
971 2 1 1 0 0 0 1 0 0
973 2 0 0 1 0 0 1 0 0
974 1 0 0 0 0 0 1 0 0
975 2 0 0 1 0 0 1 0 0
976 4 1 1 1 0 0 1 0 0
979 5 0 0 2 0 0 1 0 0
981 5 0 0 1 0 0 0 0 0
982 11 1 1 3 0 0 2 0 0
987 3 1 1 0 0 0 3 0 0
1007 8 1 1 0 0 0 6 0 0
1010 3 0 0 0 0 0 1 0 0
1022 9 0 0 7 0 0 0 0 0
fn=_IO_default_setbuf
562 7 1 1 0 0 0 3 0 0
563 4 0 0 2 0 0 1 0 0
565 2 1 1 0 0 0 0 0 0
567 1 0 0 1 0 0 0 0 0
568 5 0 0 0 0 0 1 0 0
575 3 0 0 0 0 0 3 0 0
576 3 1 1 0 0 0 3 0 0
578 6 0 0 4 0 0 0 0 0
fn=_IO_default_xsputn
452 7 2 2 0 0 0 5 0 0
455 5 0 0 0 0 0 0 0 0
456 1 0 0 0 0 0 0 0 0
460 16 0 0 8 0 0 0 0 0
485 29 2 2 9 0 0 3 0 0
487 3 0 0 0 0 0 0 0 0
488 3 0 0 0 0 0 0 0 0
489 2 0 0 0 0 0 0 0 0
490 6 1 1 6 0 0 0 0 0
fn=_IO_doallocbuf
419 2 1 1 0 0 0 1 0 0
420 2 0 0 1 0 0 0 0 0
422 2 0 0 1 0 0 0 0 0
423 5 1 1 2 1 0 1 0 0
426 2 0 0 2 0 0 0 0 0
fn=_IO_flush_all_lockp
823 8 1 1 0 0 0 6 0 0
824 1 0 0 0 0 0 0 0 0
829 3 0 0 0 0 0 0 0 0
834 1 0 0 1 1 1 0 0 0
835 1 1 1 1 1 0 0 0 0
836 8 0 0 0 0 0 0 0 0
838 3 0 0 0 0 0 3 0 0
839 6 1 1 0 0 0 0 0 0
840 2 0 0 1 0 0 0 0 0
842 21 2 2 9 3 2 0 0 0
852 6 1 1 0 0 0 0 0 0
854 3 0 0 0 0 0 3 0 0
856 9 1 1 3 0 0 0 0 0
863 3 0 0 3 2 1 0 0 0
867 2 1 1 0 0 0 0 0 0
869 2 0 0 0 0 0 0 0 0
873 9 0 0 7 0 0 0 0 0
fn=_IO_setb
404 10 1 1 0 0 0 4 0 0
405 10 0 0 4 0 0 0 0 0
407 2 0 0 0 0 0 2 0 0
408 2 1 1 0 0 0 2 0 0
410 10 0 0 0 0 0 0 0 0
412 2 0 0 0 0 0 2 0 0
413 8 0 0 6 0 0 0 0 0
fn=__overflow
246 15 1 1 5 0 0 0 0 0
248 15 1 1 10 0 0 0 0 0
fl=/build/eglibc-rrybNj/eglibc-2.15/libio/ioputs.c
fn=puts
35 20 1 1 0 0 0 15 0 0
37 10 0 0 0 0 0 5 0 0
38 90 2 2 50 4 1 5 0 0
40 8 0 0 0 0 0 0 0 0
41 16 0 0 5 1 0 1 0 0
42 30 1 1 10 1 0 5 0 0
43 40 1 1 15 0 0 5 0 0
44 20 1 1 0 0 0 0 0 0
48 25 0 0 20 0 0 0 0 0
fl=/build/eglibc-rrybNj/eglibc-2.15/libio/libioP.h
fn=puts
984 15 0 0 5 0 0 0 0 0
985 55 0 0 20 0 0 10 0 0
fl=/build/eglibc-rrybNj/eglibc-2.15/malloc/arena.c
fn=malloc_hook_ini
371 6 0 0 2 2 1 2 0 0
fn=ptmalloc_init.part.8
332 169 0 0 56 8 0 0 0 0
334 110 1 1 55 28 0 0 0 0
335 2 0 0 1 0 0 0 0 0
336 2 0 0 1 0 0 0 0 0
350 55 0 0 0 0 0 0 0 0
369 6 1 1 0 0 0 5 0 0
372 1 0 0 0 0 0 1 0 0
380 2 0 0 1 0 0 0 0 0
381 7 2 2 0 0 0 1 0 0
382 3 0 0 2 1 0 0 0 0
387 3 1 1 1 1 0 1 1 0
388 12 1 1 2 2 0 6 2 2
390 5 0 0 2 2 0 0 0 0
406 1 0 0 0 0 0 0 0 0
455 2 0 0 0 0 0 0 0 0
460 2 0 0 2 2 1 0 0 0
461 2 0 0 0 0 0 0 0 0
463 1 0 0 0 0 0 1 1 0
464 7 0 0 6 0 0 0 0 0
fl=/build/eglibc-rrybNj/eglibc-2.15/malloc/hooks.c
fn=malloc_hook_ini
30 1 1 1 0 0 0 0 0 0
31 2 0 0 1 0 0 1 0 0
33 1 0 0 0 0 0 0 0 0
34 1 0 0 0 0 0 0 0 0
fl=/build/eglibc-rrybNj/eglibc-2.15/malloc/malloc.c
fn=_int_free
3946 50 1 1 0 0 0 35 0 0
3959 15 0 0 5 0 0 0 0 0
3965 20 0 0 0 0 0 0 0 0
3966 10 0 0 0 0 0 0 0 0
3976 10 1 1 0 0 0 0 0 0
3989 10 0 0 5 0 0 0 0 0
4000 20 0 0 5 0 0 0 0 0
4001 15 0 0 5 0 0 0 0 0
4025 15 1 1 5 0 0 0 0 0
4028 15 0 0 10 0 0 0 0 0
4029 10 0 0 0 0 0 0 0 0
4030 10 0 0 0 0 0 0 0 0
4033 5 0 0 5 0 0 0 0 0
4034 5 0 0 0 0 0 0 0 0
4039 30 1 1 5 0 0 0 0 0
4048 16 0 0 0 0 0 0 0 0
4050 5 0 0 0 0 0 5 0 0
4052 30 1 1 10 0 0 0 0 0
4054 16 0 0 0 0 0 0 0 0
4220 40 0 0 35 0 0 0 0 0
fn=_int_malloc
1912 254 0 0 0 0 0 0 0 0
1913 127 1 1 0 0 0 0 0 0
1914 381 0 0 0 0 0 254 31 31
1918 3 0 0 0 0 0 0 0 0
1922 3 1 1 1 0 0 1 0 0
1923 2 0 0 0 0 0 1 0 0
1925 3 1 1 0 0 0 1 1 1
2370 5 1 1 2 2 0 2 0 0
2371 3 0 0 0 0 0 0 0 0
2381 2 0 0 1 0 0 0 0 0
2439 2 1 1 0 0 0 1 0 0
2448 5 1 1 0 0 0 1 0 0
2457 3 1 1 0 0 0 0 0 0
2507 6 2 2 1 0 0 0 0 0
2515 1 0 0 1 0 0 0 0 0
2526 7 0 0 2 0 0 1 0 0
2534 2 0 0 0 0 0 0 0 0
2535 5 0 0 2 1 0 2 0 0
2537 5 1 1 2 0 0 0 0 0
2539 2 0 0 2 0 0 0 0 0
2540 2 0 0 0 0 0 0 0 0
2557 2 0 0 0 0 0 0 0 0
2583 2 0 0 1 1 1 0 0 0
2584 1 1 1 0 0 0 1 0 0
2585 3 0 0 1 0 0 1 0 0
2591 2 0 0 1 0 0 0 0 0
2594 4 1 1 2 0 0 0 0 0
2625 2 1 1 0 0 0 0 0 0
2634 5 1 1 0 0 0 1 0 0
2653 1 0 0 0 0 0 0 0 0
2656 2 0 0 0 0 0 0 0 0
2657 4 1 1 2 0 0 0 0 0
2659 2 0 0 0 0 0 0 0 0
2660 4 0 0 2 0 0 2 0 0
2672 3 0 0 1 0 0 0 0 0
2677 2 0 0 2 0 0 0 0 0
2678 2 0 0 0 0 0 0 0 0
2695 1 1 1 1 0 0 0 0 0
2696 1 0 0 0 0 0 1 0 0
2697 4 0 0 0 0 0 1 1 1
2698 2 0 0 1 0 0 1 0 0
2709 2 1 1 1 0 0 0 0 0
2742 2 1 1 1 0 0 0 0 0
2743 1 0 0 0 0 0 1 0 0
2748 2 0 0 1 0 0 0 0 0
2751 2 0 0 1 0 0 0 0 0
2752 1 0 0 0 0 0 0 0 0
2753 1 0 0 0 0 0 0 0 0
2754 1 1 1 0 0 0 1 0 0
2755 8 0 0 0 0 0 1 0 0
2756 2 0 0 0 0 0 1 0 0
2758 1 0 0 0 0 0 0 0 0
3455 54 1 1 0 0 0 36 0 0
3485 48 1 1 0 0 0 0 0 0
3493 12 0 0 6 1 1 0 0 0
3494 15 0 0 0 0 0 0 0 0
3495 7 0 0 0 0 0 0 0 0
3496 5 0 0 5 0 0 0 0 0
3500 10 0 0 0 0 0 0 0 0
3503 6 1 1 3 0 0 0 0 0
3504 3 0 0 0 0 0 0 0 0
3506 5 0 0 1 0 0 0 0 0
3529 10 2 2 0 0 0 0 0 0
3530 15 0 0 0 0 0 0 0 0
3531 10 0 0 0 0 0 0 0 0
3533 15 0 0 5 1 1 0 0 0
3534 2 0 0 0 0 0 0 0 0
3591 25 1 1 5 0 0 0 0 0
3610 10 0 0 0 0 0 5 0 0
3703 5 0 0 0 0 0 0 0 0
3719 10 1 1 0 0 0 0 0 0
3790 5 0 0 0 0 0 0 0 0
3791 10 0 0 0 0 0 0 0 0
3792 10 0 0 0 0 0 0 0 0
3793 15 0 0 5 0 0 0 0 0
3794 15 1 1 0 0 0 0 0 0
3799 25 0 0 0 0 0 0 0 0
3801 60 0 0 0 0 0 0 0 0
3803 60 0 0 15 1 0 0 0 0
3899 5 1 1 5 0 0 0 0 0
3900 15 0 0 5 0 0 0 0 0
3902 10 0 0 5 0 0 0 0 0
3903 4 0 0 0 0 0 0 0 0
3904 4 0 0 0 0 0 0 0 0
3905 4 0 0 0 0 0 4 0 0
3906 40 1 1 0 0 0 4 0 0
3908 12 0 0 0 0 0 4 2 2
3911 5 0 0 0 0 0 0 0 0
3912 15 0 0 5 0 0 0 0 0
3919 3 0 0 1 0 0 0 0 0
3923 20 1 1 0 0 0 5 0 0
3925 120 2 2 0 0 0 45 0 0
3933 8 1 1 1 0 0 0 0 0
3934 1 0 0 0 0 0 0 0 0
3938 54 0 0 42 0 0 0 0 0
4259 3 1 1 1 0 0 0 0 0
fn=free
2861 8 1 1 8 0 0 0 0 0
2959 26 1 1 26 0 0 0 0 0
2960 26 0 0 0 0 0 0 0 0
2965 26 0 0 0 0 0 0 0 0
2968 5 1 1 0 0 0 0 0 0
2970 15 0 0 5 0 0 0 0 0
2984 15 0 0 0 0 0 0 0 0
2985 15 0 0 0 0 0 0 0 0
fn=malloc
2910 42 1 1 0 0 0 28 0 0
2915 14 0 0 14 3 0 0 0 0
2916 14 0 0 0 0 0 0 0 0
2917 2 2 2 1 0 0 0 0 0
2919 12 1 1 12 0 0 0 0 0
2921 54 0 0 12 1 0 0 0 0
2924 24 1 1 0 0 0 6 0 0
2925 12 0 0 0 0 0 0 0 0
2945 24 0 0 12 0 0 0 0 0
2946 48 1 1 6 0 0 0 0 0
2949 47 0 0 34 0 0 0 0 0
fl=/build/eglibc-rrybNj/eglibc-2.15/malloc/morecore.c
fn=__default_morecore
48 2 1 1 0 0 0 0 0 0
49 2 0 0 0 0 0 2 0 0
51 6 0 0 0 0 0 0 0 0
53 4 0 0 2 0 0 0 0 0
fl=/build/eglibc-rrybNj/eglibc-2.15/misc/../sysdeps/unix/syscall-template.S
fn=mmap
82 50 3 3 0 0 0 0 0 0
83 10 0 0 10 0 0 0 0 0
fn=mprotect
82 24 1 1 0 0 0 0 0 0
83 6 0 0 6 0 0 0 0 0
fn=munmap
82 4 1 1 0 0 0 0 0 0
83 1 0 0 1 0 0 0 0 0
fl=/build/eglibc-rrybNj/eglibc-2.15/misc/../sysdeps/unix/sysv/linux/x86_64/brk.c
fn=brk
29 2 1 1 0 0 0 0 0 0
32 14 0 0 2 0 0 2 0 0
34 4 0 0 0 0 0 0 0 0
40 2 1 1 0 0 0 0 0 0
41 2 0 0 2 0 0 0 0 0
fl=/build/eglibc-rrybNj/eglibc-2.15/misc/init-misc.c
fn=__init_misc
31 4 1 1 0 0 0 2 0 0
32 5 0 0 1 0 0 0 0 0
34 3 0 0 0 0 0 1 0 0
38 5 0 0 1 1 0 1 1 0
39 3 1 1 2 0 0 1 0 0
41 4 0 0 3 0 0 0 0 0
fl=/build/eglibc-rrybNj/eglibc-2.15/misc/sbrk.c
fn=sbrk
35 10 1 1 0 0 0 6 0 0
43 11 0 0 5 3 1 0 0 0
44 6 1 1 1 0 0 1 0 0
45 1 0 0 0 0 0 0 0 0
47 4 1 1 0 0 0 0 0 0
51 4 0 0 0 0 0 0 0 0
54 1 0 0 0 0 0 1 0 0
55 3 0 0 0 0 0 0 0 0
58 12 0 0 8 0 0 0 0 0
fl=/build/eglibc-rrybNj/eglibc-2.15/nptl/../nptl/sysdeps/unix/sysv/linux/register-atfork.c
fn=__linkin_atfork
117 2 1 1 1 1 1 1 0 0
118 2 0 0 0 0 0 0 0 0
119 4 1 1 2 1 0 0 0 0
120 1 0 0 1 0 0 0 0 0
fl=/build/eglibc-rrybNj/eglibc-2.15/nptl/../nptl/sysdeps/unix/sysv/linux/unregister-atfork.c
fn=__unregister_atfork
29 3 0 0 0 0 0 1 0 0
37 1 1 1 1 0 0 0 0 0
40 4 1 1 0 0 0 0 0 0
41 2 0 0 1 0 0 0 0 0
46 1 0 0 1 0 0 0 0 0
122 2 0 0 2 0 0 0 0 0
fl=/build/eglibc-rrybNj/eglibc-2.15/posix/../sysdeps/unix/syscall-template.S
fn=uname
82 4 1 1 0 0 0 0 0 0
83 1 0 0 1 0 0 0 0 0
fl=/build/eglibc-rrybNj/eglibc-2.15/posix/../sysdeps/unix/sysv/linux/_exit.c
fn=_Exit
29 2 1 1 1 0 0 0 0 0
33 4 0 0 0 0 0 0 0 0
35 2 0 0 0 0 0 0 0 0
fl=/build/eglibc-rrybNj/eglibc-2.15/setjmp/../sysdeps/x86_64/bsd-_setjmp.S
fn=_setjmp
34 1 1 1 0 0 0 0 0 0
36 1 0 0 0 0 0 0 0 0
fl=/build/eglibc-rrybNj/eglibc-2.15/setjmp/../sysdeps/x86_64/setjmp.S
fn=__sigsetjmp
26 4 2 2 0 0 0 4 1 1
28 4 0 0 0 0 0 0 0 0
29 8 1 1 4 0 0 0 0 0
30 4 0 0 0 0 0 4 0 0
34 4 0 0 0 0 0 4 0 0
35 4 0 0 0 0 0 4 0 0
36 4 0 0 0 0 0 4 0 0
37 4 0 0 0 0 0 4 0 0
38 4 0 0 0 0 0 0 0 0
40 8 0 0 4 0 0 0 0 0
42 4 0 0 0 0 0 4 0 0
43 4 1 1 4 0 0 0 0 0
45 8 0 0 4 0 0 0 0 0
47 4 0 0 0 0 0 4 1 1
51 3 0 0 0 0 0 0 0 0
52 3 0 0 3 0 0 0 0 0
56 1 0 0 0 0 0 0 0 0
fl=/build/eglibc-rrybNj/eglibc-2.15/setjmp/sigjmp.c
fn=__sigjmp_save
29 2 0 0 0 0 0 1 0 0
30 4 0 0 0 0 0 1 0 0
35 3 0 0 2 0 0 0 0 0
fl=/build/eglibc-rrybNj/eglibc-2.15/stdio-common/_itoa.c
fn=_itoa_word
179 8 1 1 0 0 0 0 0 0
186 4 0 0 0 0 0 0 0 0
195 28 2 2 2 1 1 2 0 0
204 4 0 0 2 0 0 0 0 0
fl=/build/eglibc-rrybNj/eglibc-2.15/stdio-common/printf-parse.h
fn=vfprintf
99 36 0 0 0 0 0 16 1 0
fl=/build/eglibc-rrybNj/eglibc-2.15/stdio-common/printf.c
fn=printf
30 36 1 1 0 0 0 20 0 0
34 24 2 2 0 0 0 16 0 0
35 16 0 0 8 1 0 4 0 0
39 8 0 0 4 0 0 0 0 0
fl=/build/eglibc-rrybNj/eglibc-2.15/stdio-common/vfprintf.c
fn=vfprintf
211 44 2 2 0 0 0 24 0 0
216 8 0 0 0 0 0 8 0 0
246 12 0 0 8 1 0 4 1 0
250 4 1 1 0 0 0 4 1 0
253 4 0 0 0 0 0 4 0 0
259 4 0 0 0 0 0 4 1 0
1265 20 1 1 4 0 0 0 0 0
1269 20 1 1 4 0 0 0 0 0
1280 8 0 0 0 0 0 0 0 0
1287 4 0 0 0 0 0 4 0 0
1291 24 1 1 12 0 0 12 0 0
1295 4 0 0 0 0 0 4 1 0
1306 40 1 1 8 0 0 16 0 0
1307 56 1 1 28 0 0 4 0 0
1310 52 2 2 12 0 0 4 0 0
1314 12 0 0 8 0 0 0 0 0
1318 32 1 1 16 2 1 0 0 0
1345 4 0 0 0 0 0 4 0 0
1346 4 0 0 0 0 0 4 0 0
1347 4 0 0 0 0 0 4 0 0
1348 4 0 0 0 0 0 4 0 0
1349 4 0 0 0 0 0 4 1 0
1350 4 1 1 0 0 0 4 0 0
1351 4 0 0 0 0 0 4 0 0
1352 4 0 0 0 0 0 4 0 0
1353 4 0 0 0 0 0 4 0 0
1354 4 0 0 0 0 0 4 0 0
1355 4 0 0 0 0 0 4 0 0
1358 4 1 1 0 0 0 4 0 0
1359 4 0 0 0 0 0 4 0 0
1362 4 0 0 0 0 0 0 0 0
1363 8 1 1 0 0 0 4 0 0
1366 72 1 1 16 2 2 8 0 0
1596 218 21 21 78 0 0 24 0 0
1597 100 6 6 32 0 0 10 0 0
1613 4 0 0 4 0 0 0 0 0
1615 8 2 2 0 0 0 0 0 0
1617 8 0 0 0 0 0 0 0 0
1623 8 0 0 4 0 0 0 0 0
1627 80 2 2 16 0 0 8 0 0
1629 8 0 0 4 0 0 0 0 0
2017 8 1 1 4 0 0 0 0 0
2019 8 0 0 4 0 0 4 0 0
2020 8 0 0 0 0 0 4 0 0
2022 60 3 3 20 0 0 8 0 0
2023 12 0 0 4 0 0 0 0 0
2026 32 0 0 28 0 0 0 0 0
fl=/build/eglibc-rrybNj/eglibc-2.15/stdlib/bsearch.c
fn=bsearch
27 286 2 2 0 0 0 182 1 1
34 466 1 1 0 0 0 0 0 0
36 348 0 0 0 0 0 0 0 0
37 696 0 0 0 0 0 174 0 0
38 522 1 1 174 0 0 174 1 1
39 348 0 0 0 0 0 0 0 0
40 122 0 0 0 0 0 0 0 0
41 52 0 0 0 0 0 0 0 0
42 46 0 0 0 0 0 0 0 0
47 46 2 2 0 0 0 46 0 0
48 234 0 0 208 0 0 0 0 0
fl=/build/eglibc-rrybNj/eglibc-2.15/stdlib/cxa_atexit.c
fn=__cxa_atexit
35 2 0 0 0 0 0 1 0 0
37 2 0 0 0 0 0 0 0 0
41 2 0 0 1 0 0 0 0 0
43 1 1 1 0 0 0 1 0 0
44 1 0 0 0 0 0 1 1 0
45 1 0 0 0 0 0 1 0 0
47 1 0 0 0 0 0 1 0 0
48 1 0 0 0 0 0 0 0 0
57 7 1 1 0 0 0 3 0 0
59 5 0 0 4 0 0 0 0 0
fn=__new_exitfn
73 4 1 1 0 0 0 2 0 0
79 6 1 1 2 2 1 0 0 0
81 10 1 1 2 1 0 0 0 0
83 3 0 0 1 0 0 0 0 0
91 1 1 1 0 0 0 1 0 0
94 2 1 1 0 0 0 0 0 0
98 2 1 1 0 0 0 0 0 0
112 1 0 0 0 0 0 0 0 0
113 2 0 0 0 0 0 1 0 0
126 1 0 0 0 0 0 1 0 0
127 1 0 0 1 1 1 0 0 0
130 4 0 0 2 0 0 0 0 0
133 5 0 0 3 0 0 0 0 0
fl=/build/eglibc-rrybNj/eglibc-2.15/stdlib/cxa_finalize.c
fn=__cxa_finalize
31 8 2 2 0 0 0 6 0 0
35 7 1 1 2 0 0 0 0 0
39 6 0 0 1 0 0 0 0 0
49 1 0 0 0 0 0 0 0 0
67 6 1 1 2 0 0 0 0 0
71 6 1 1 1 1 1 0 0 0
79 2 0 0 0 0 0 0 0 0
80 2 0 0 0 0 0 0 0 0
82 7 0 0 6 0 0 0 0 0
fl=/build/eglibc-rrybNj/eglibc-2.15/stdlib/exit.c
fn=__run_exit_handlers
37 8 1 1 0 0 0 4 0 0
42 3 0 0 0 0 0 0 0 0
46 4 0 0 0 0 0 0 0 0
48 4 0 0 0 0 0 1 0 0
49 1 0 0 0 0 0 0 0 0
50 5 0 0 1 0 0 0 0 0
74 1 1 1 1 0 0 0 0 0
76 2 0 0 1 0 0 0 0 0
78 3 0 0 1 1 0 1 0 0
79 3 1 1 2 1 0 0 0 0
83 2 1 1 1 0 0 1 0 0
84 2 0 0 0 0 0 0 0 0
87 1 0 0 1 1 0 0 0 0
90 2 0 0 0 0 0 0 0 0
91 8 0 0 1 1 0 1 0 0
93 2 0 0 0 0 0 1 0 0
fn=exit
99 1 0 0 0 0 0 0 0 0
100 3 1 1 0 0 0 1 0 0
fl=/build/eglibc-rrybNj/eglibc-2.15/string/../string/memcmp.c
fn=bcmp
112 10 0 0 10 0 0 0 0 0
113 20 0 0 10 0 0 0 0 0
117 24 1 1 0 0 0 0 0 0
136 14 1 1 0 0 0 0 0 0
140 2 0 0 2 1 1 0 0 0
141 2 0 0 2 0 0 0 0 0
144 6 0 0 0 0 0 0 0 0
190 2 0 0 2 0 0 0 0 0
191 2 0 0 2 0 0 0 0 0
192 16 1 1 0 0 0 4 0 0
228 2 0 0 0 0 0 0 0 0
229 4 0 0 0 0 0 0 0 0
233 4 0 0 0 0 0 0 0 0
235 11 1 1 0 0 0 0 0 0
239 1 0 0 1 0 0 0 0 0
240 1 0 0 1 0 0 0 0 0
241 1 0 0 1 0 0 0 0 0
242 1 0 0 0 0 0 0 0 0
244 2 1 1 0 0 0 0 0 0
262 1 0 0 1 0 0 0 0 0
263 1 0 0 1 1 1 0 0 0
264 1 0 0 1 0 0 0 0 0
268 2 1 1 0 0 0 0 0 0
296 1 0 0 1 0 0 0 0 0
297 1 0 0 1 0 0 0 0 0
298 6 0 0 0 0 0 0 0 0
299 2 0 0 0 0 0 0 0 0
306 2 1 1 0 0 0 0 0 0
311 12 2 2 0 0 0 0 0 0
312 4 0 0 0 0 0 0 0 0
318 24 0 0 0 0 0 0 0 0
322 72 1 1 0 0 0 72 2 2
329 24 0 0 0 0 0 0 0 0
333 31 0 0 0 0 0 0 0 0
335 5 0 0 5 1 1 0 0 0
336 5 0 0 5 0 0 0 0 0
337 5 0 0 0 0 0 0 0 0
338 6 0 0 0 0 0 0 0 0
340 10 0 0 0 0 0 0 0 0
342 5 0 0 0 0 0 0 0 0
349 12 2 2 0 0 0 0 0 0
350 4 0 0 0 0 0 0 0 0
352 4 0 0 0 0 0 0 0 0
353 4 0 0 0 0 0 0 0 0
357 6 0 0 0 0 0 0 0 0
358 2 0 0 0 0 0 0 0 0
359 2 0 0 0 0 0 0 0 0
363 154 1 1 0 0 0 0 0 0
365 68 0 0 68 1 1 0 0 0
366 68 0 0 68 5 5 0 0 0
369 59 0 0 0 0 0 0 0 0
370 136 0 0 0 0 0 0 0 0
375 18 1 1 0 0 0 0 0 0
376 84 0 0 84 0 0 0 0 0
fl=/build/eglibc-rrybNj/eglibc-2.15/string/../sysdeps/x86_64/memcpy.S
fn=__GI_mempcpy
62 2 1 1 0 0 0 0 0 0
66 2 0 0 0 0 0 0 0 0
69 2 0 0 0 0 0 0 0 0
70 2 0 0 0 0 0 0 0 0
72 2 0 0 2 0 0 0 0 0
73 2 0 0 0 0 0 2 0 0
75 2 0 0 0 0 0 0 0 0
76 2 0 0 0 0 0 0 0 0
81 2 0 0 0 0 0 0 0 0
82 2 0 0 0 0 0 0 0 0
93 2 1 1 0 0 0 0 0 0
94 2 0 0 0 0 0 0 0 0
105 2 0 0 0 0 0 0 0 0
106 2 0 0 0 0 0 0 0 0
108 2 0 0 2 0 0 0 0 0
109 2 0 0 0 0 0 2 0 0
111 2 0 0 0 0 0 0 0 0
112 4 0 0 0 0 0 0 0 0
117 2 0 0 0 0 0 0 0 0
118 4 0 0 0 0 0 0 0 0
123 2 1 1 2 0 0 0 0 0
124 2 0 0 2 0 0 0 0 0
125 2 0 0 0 0 0 2 0 0
126 2 0 0 0 0 0 2 0 0
128 2 0 0 0 0 0 0 0 0
130 2 0 0 0 0 0 0 0 0
131 2 0 0 0 0 0 0 0 0
133 2 0 0 0 0 0 0 0 0
139 2 0 0 0 0 0 0 0 0
143 2 0 0 2 0 0 0 0 0
fn=mempcpy
62 15 1 1 0 0 0 0 0 0
66 15 0 0 0 0 0 0 0 0
69 14 0 0 0 0 0 0 0 0
70 14 0 0 0 0 0 0 0 0
72 5 0 0 5 1 1 0 0 0
73 5 0 0 0 0 0 5 1 1
75 5 0 0 0 0 0 0 0 0
76 5 0 0 0 0 0 0 0 0
81 14 0 0 0 0 0 0 0 0
82 14 0 0 0 0 0 0 0 0
84 10 0 0 10 0 0 0 0 0
85 10 1 1 0 0 0 10 0 0
87 10 0 0 0 0 0 0 0 0
88 10 0 0 0 0 0 0 0 0
93 14 0 0 0 0 0 0 0 0
94 14 0 0 0 0 0 0 0 0
96 5 0 0 5 0 0 0 0 0
97 5 0 0 0 0 0 5 0 0
99 5 0 0 0 0 0 0 0 0
100 5 0 0 0 0 0 0 0 0
105 14 0 0 0 0 0 0 0 0
106 14 0 0 0 0 0 0 0 0
108 7 0 0 7 0 0 0 0 0
109 7 0 0 0 0 0 7 0 0
111 7 0 0 0 0 0 0 0 0
112 14 0 0 0 0 0 0 0 0
117 14 0 0 0 0 0 0 0 0
118 16 0 0 0 0 0 0 0 0
123 2 0 0 2 1 0 0 0 0
124 2 0 0 2 0 0 0 0 0
125 2 0 0 0 0 0 2 2 2
126 2 0 0 0 0 0 2 0 0
128 2 0 0 0 0 0 0 0 0
130 2 0 0 0 0 0 0 0 0
131 2 0 0 0 0 0 0 0 0
133 2 0 0 0 0 0 0 0 0
139 14 1 1 0 0 0 0 0 0
143 14 0 0 14 0 0 0 0 0
155 2 0 0 0 0 0 0 0 0
157 2 0 0 0 0 0 0 0 0
158 2 0 0 0 0 0 0 0 0
184 2 1 1 0 0 0 0 0 0
185 2 0 0 0 0 0 0 0 0
188 2 0 0 0 0 0 0 0 0
189 2 0 0 0 0 0 0 0 0
190 2 0 0 0 0 0 0 0 0
195 2 0 0 0 0 0 0 0 0
197 2 0 0 2 0 0 0 0 0
198 2 0 0 2 0 0 0 0 0
199 2 0 0 2 0 0 0 0 0
200 2 0 0 2 0 0 0 0 0
202 2 0 0 0 0 0 2 0 0
203 2 0 0 0 0 0 2 0 0
204 2 0 0 0 0 0 2 0 0
205 2 0 0 0 0 0 2 0 0
207 2 1 1 0 0 0 0 0 0
208 2 0 0 0 0 0 0 0 0
210 2 0 0 0 0 0 0 0 0
232 2 1 1 0 0 0 0 0 0
234 2 0 0 0 0 0 0 0 0
236 1 0 0 0 0 0 0 0 0
243 1 0 0 1 0 0 0 0 0
fl=/build/eglibc-rrybNj/eglibc-2.15/string/../sysdeps/x86_64/multiarch/../cacheinfo.c
fn=handle_intel
307 32 2 2 0 0 0 24 0 0
308 8 0 0 0 0 0 0 0 0
313 4 0 0 0 0 0 0 0 0
319 4 1 1 0 0 0 0 0 0
321 4 0 0 0 0 0 4 0 0
322 4 1 1 0 0 0 4 0 0
324 4 0 0 0 0 0 0 0 0
330 16 0 0 0 0 0 0 0 0
335 8 0 0 0 0 0 0 0 0
337 4 2 2 0 0 0 0 0 0
338 8 0 0 0 0 0 0 0 0
342 20 0 0 0 0 0 4 0 0
343 8 0 0 0 0 0 0 0 0
346 20 2 2 0 0 0 4 0 0
347 8 0 0 0 0 0 0 0 0
350 10 0 0 0 0 0 2 0 0
351 4 0 0 0 0 0 0 0 0
354 10 0 0 0 0 0 2 0 0
355 4 0 0 0 0 0 0 0 0
364 32 2 2 28 0 0 0 0 0
fn=init_cacheinfo
552 6 2 2 0 0 0 6 0 0
565 6 0 0 2 1 1 0 0 0
566 3 1 1 1 0 0 1 0 0
572 4 0 0 0 0 0 0 0 0
574 8 1 1 2 0 0 2 0 0
577 2 0 0 0 0 0 0 0 0
578 8 1 1 2 0 0 2 0 0
580 4 1 1 0 0 0 0 0 0
591 2 0 0 2 0 0 0 0 0
609 8 0 0 2 0 0 0 0 0
616 34 0 0 0 0 0 0 0 0
622 16 1 1 0 0 0 0 0 0
625 40 1 1 0 0 0 0 0 0
627 2 0 0 0 0 0 0 0 0
633 12 0 0 0 0 0 0 0 0
640 18 0 0 0 0 0 0 0 0
642 4 0 0 0 0 0 0 0 0
644 16 1 1 0 0 0 0 0 0
646 8 1 1 0 0 0 0 0 0
651 2 0 0 0 0 0 0 0 0
653 8 0 0 0 0 0 0 0 0
654 4 0 0 0 0 0 0 0 0
659 2 0 0 0 0 0 0 0 0
671 8 0 0 0 0 0 0 0 0
672 14 2 2 0 0 0 0 0 0
746 4 0 0 0 0 0 0 0 0
748 6 0 0 0 0 0 2 0 0
749 2 1 1 0 0 0 2 2 2
751 2 0 0 0 0 0 0 0 0
752 6 0 0 0 0 0 2 0 0
753 2 1 1 0 0 0 2 1 1
756 4 0 0 0 0 0 0 0 0
758 6 0 0 0 0 0 2 0 0
759 2 0 0 0 0 0 2 2 2
761 2 0 0 0 0 0 0 0 0
762 6 0 0 0 0 0 2 0 0
763 2 0 0 0 0 0 2 0 0
765 8 0 0 8 0 0 0 0 0
fn=intel_02_known_compare
152 522 2 2 348 16 16 0 0 0
153 174 0 0 0 0 0 0 0 0
155 336 0 0 0 0 0 0 0 0
156 174 0 0 174 0 0 0 0 0
fn=intel_check_word
163 120 3 3 0 0 0 60 0 0
164 24 0 0 0 0 0 0 0 0
170 80 1 1 0 0 0 0 0 0
172 56 0 0 0 0 0 0 0 0
174 26 2 2 0 0 0 0 0 0
176 52 1 1 0 0 0 0 0 0
184 52 1 1 0 0 0 0 0 0
237 52 0 0 0 0 0 0 0 0
272 26 0 0 0 0 0 26 0 0
273 156 0 0 0 0 0 26 0 0
275 52 0 0 0 0 0 0 0 0
277 24 0 0 6 0 0 0 0 0
279 4 2 2 0 0 0 0 0 0
281 8 0 0 0 0 0 0 0 0
283 8 2 2 4 0 0 0 0 0
291 4 0 0 0 0 0 0 0 0
297 22 0 0 0 0 0 0 0 0
301 8 1 1 0 0 0 0 0 0
302 84 0 0 72 0 0 0 0 0
fl=/build/eglibc-rrybNj/eglibc-2.15/string/../sysdeps/x86_64/multiarch/../memcpy.S
fn=memcpy
62 12 1 1 0 0 0 0 0 0
64 12 0 0 0 0 0 0 0 0
66 12 0 0 0 0 0 0 0 0
69 11 0 0 0 0 0 0 0 0
70 11 0 0 0 0 0 0 0 0
72 4 0 0 4 0 0 0 0 0
73 4 0 0 0 0 0 4 1 1
75 4 0 0 0 0 0 0 0 0
76 4 0 0 0 0 0 0 0 0
81 11 0 0 0 0 0 0 0 0
82 11 0 0 0 0 0 0 0 0
84 3 0 0 3 0 0 0 0 0
85 3 0 0 0 0 0 3 1 1
87 3 0 0 0 0 0 0 0 0
88 6 0 0 0 0 0 0 0 0
93 11 1 1 0 0 0 0 0 0
94 11 0 0 0 0 0 0 0 0
96 2 0 0 2 0 0 0 0 0
97 2 0 0 0 0 0 2 0 0
99 2 0 0 0 0 0 0 0 0
100 2 0 0 0 0 0 0 0 0
105 11 0 0 0 0 0 0 0 0
106 11 0 0 0 0 0 0 0 0
108 6 0 0 6 0 0 0 0 0
109 6 0 0 0 0 0 6 1 1
111 6 0 0 0 0 0 0 0 0
112 6 0 0 0 0 0 0 0 0
117 11 0 0 0 0 0 0 0 0
118 16 0 0 0 0 0 0 0 0
123 5 0 0 5 0 0 0 0 0
124 5 0 0 5 0 0 0 0 0
125 5 0 0 0 0 0 5 0 0
126 5 0 0 0 0 0 5 0 0
128 5 0 0 0 0 0 0 0 0
130 5 0 0 0 0 0 0 0 0
131 5 0 0 0 0 0 0 0 0
133 5 0 0 0 0 0 0 0 0
141 11 1 1 11 0 0 0 0 0
149 5 0 0 0 0 0 5 0 0
155 5 0 0 0 0 0 0 0 0
157 5 0 0 0 0 0 0 0 0
158 5 0 0 0 0 0 0 0 0
161 2 0 0 0 0 0 0 0 0
162 4 0 0 0 0 0 0 0 0
167 8 0 0 8 0 0 0 0 0
168 8 0 0 0 0 0 8 0 0
170 8 0 0 0 0 0 0 0 0
172 8 0 0 0 0 0 0 0 0
173 8 0 0 0 0 0 0 0 0
175 10 1 1 0 0 0 0 0 0
184 5 0 0 0 0 0 0 0 0
185 5 0 0 0 0 0 0 0 0
188 5 0 0 0 0 0 0 0 0
189 5 0 0 0 0 0 0 0 0
190 5 0 0 0 0 0 0 0 0
195 4 0 0 0 0 0 0 0 0
197 4 0 0 4 0 0 0 0 0
198 4 0 0 4 0 0 0 0 0
199 4 0 0 4 0 0 0 0 0
200 4 0 0 4 0 0 0 0 0
202 4 0 0 0 0 0 4 1 1
203 4 0 0 0 0 0 4 1 1
204 4 0 0 0 0 0 4 1 1
205 4 0 0 0 0 0 4 0 0
207 4 1 1 0 0 0 0 0 0
208 4 0 0 0 0 0 0 0 0
210 4 0 0 0 0 0 0 0 0
232 5 1 1 0 0 0 0 0 0
238 5 0 0 5 0 0 0 0 0
239 5 0 0 0 0 0 0 0 0
241 1 0 0 1 0 0 0 0 0
fl=/build/eglibc-rrybNj/eglibc-2.15/string/../sysdeps/x86_64/multiarch/../memset.S
fn=memset
44 9 2 1 0 0 0 0 0 0
45 9 0 0 0 0 0 0 0 0
46 9 0 0 0 0 0 0 0 0
47 2 0 0 0 0 0 2 0 0
48 2 0 0 2 0 0 0 0 0
50 7 0 0 0 0 0 0 0 0
51 7 0 0 0 0 0 0 0 0
52 7 0 0 0 0 0 0 0 0
53 7 0 0 0 0 0 0 0 0
55 7 0 0 0 0 0 0 0 0
56 7 0 0 0 0 0 0 0 0
58 6 2 1 0 0 0 0 0 0
63 6 0 0 0 0 0 0 0 0
64 6 0 0 0 0 0 0 0 0
65 6 0 0 6 3 2 0 0 0
66 6 0 0 0 0 0 0 0 0
67 6 0 0 0 0 0 0 0 0
328 1 0 0 0 0 0 1 0 0
329 1 0 0 0 0 0 1 0 0
330 1 0 0 0 0 0 1 0 0
331 1 0 0 0 0 0 1 0 0
332 1 0 0 0 0 0 1 1 1
333 1 0 0 0 0 0 1 0 0
334 1 0 0 0 0 0 1 0 0
335 1 0 0 0 0 0 1 0 0
336 2 0 0 0 0 0 2 0 0
337 2 0 0 0 0 0 2 0 0
338 3 1 1 0 0 0 3 1 1
339 3 0 0 0 0 0 3 0 0
340 3 0 0 3 0 0 0 0 0
365 2 2 1 0 0 0 2 0 0
366 2 0 0 2 0 0 0 0 0
416 2 2 1 0 0 0 2 0 0
417 2 0 0 2 0 0 0 0 0
504 1 1 1 0 0 0 0 0 0
505 1 0 0 0 0 0 0 0 0
506 1 0 0 0 0 0 0 0 0
507 1 0 0 0 0 0 0 0 0
508 1 0 0 0 0 0 0 0 0
509 1 0 0 0 0 0 0 0 0
510 1 0 0 0 0 0 0 0 0
515 1 1 1 0 0 0 0 0 0
516 1 0 0 0 0 0 0 0 0
517 1 0 0 1 1 1 0 0 0
518 1 0 0 0 0 0 0 0 0
519 1 0 0 0 0 0 0 0 0
593 1 1 1 0 0 0 0 0 0
1214 1 0 0 0 0 0 0 0 0
1215 2 0 0 0 0 0 0 0 0
1219 1 0 0 0 0 0 0 0 0
1220 1 0 0 0 0 0 0 0 0
1221 2 0 0 0 0 0 0 0 0
1226 15 1 1 0 0 0 0 0 0
1228 15 0 0 0 0 0 15 1 1
1229 15 0 0 0 0 0 15 0 0
1230 15 0 0 0 0 0 15 0 0
1231 15 0 0 0 0 0 15 0 0
1232 15 0 0 0 0 0 15 15 15
1233 15 0 0 0 0 0 15 0 0
1234 15 0 0 0 0 0 15 0 0
1235 15 0 0 0 0 0 15 0 0
1236 15 0 0 0 0 0 15 0 0
1237 15 0 0 0 0 0 15 0 0
1238 15 0 0 0 0 0 15 0 0
1239 15 0 0 0 0 0 15 0 0
1240 15 0 0 0 0 0 15 15 15
1241 15 0 0 0 0 0 15 0 0
1242 15 0 0 0 0 0 15 0 0
1243 15 1 1 0 0 0 15 0 0
1245 15 0 0 0 0 0 0 0 0
1247 15 0 0 0 0 0 0 0 0
1250 1 0 0 0 0 0 0 0 0
1251 1 0 0 0 0 0 0 0 0
1257 1 0 0 0 0 0 0 0 0
1258 1 0 0 0 0 0 0 0 0
1259 1 0 0 1 1 1 0 0 0
1260 1 0 0 0 0 0 0 0 0
1261 1 0 0 0 0 0 0 0 0
fl=/build/eglibc-rrybNj/eglibc-2.15/string/../sysdeps/x86_64/multiarch/../rtld-strlen.S
fn=strlen
29 12 1 1 0 0 0 0 0 0
30 12 0 0 0 0 0 0 0 0
31 12 0 0 0 0 0 0 0 0
32 12 0 0 0 0 0 0 0 0
34 4 0 0 0 0 0 0 0 0
35 4 0 0 0 0 0 0 0 0
37 12 0 0 12 0 0 0 0 0
38 12 0 0 0 0 0 0 0 0
39 11 0 0 0 0 0 0 0 0
40 11 0 0 0 0 0 0 0 0
41 11 0 0 0 0 0 0 0 0
43 22 1 1 0 0 0 0 0 0
48 15 0 0 15 0 0 0 0 0
49 15 0 0 0 0 0 0 0 0
50 15 0 0 0 0 0 0 0 0
51 15 0 0 0 0 0 0 0 0
54 15 0 0 0 0 0 0 0 0
55 14 0 0 0 0 0 0 0 0
56 14 0 0 0 0 0 0 0 0
57 14 0 0 0 0 0 0 0 0
59 14 0 0 0 0 0 0 0 0
62 14 0 0 14 1 1 0 0 0
63 14 0 0 0 0 0 0 0 0
64 14 0 0 0 0 0 0 0 0
65 14 0 0 0 0 0 0 0 0
68 14 0 0 0 0 0 0 0 0
69 10 0 0 0 0 0 0 0 0
70 10 0 0 0 0 0 0 0 0
71 10 1 1 0 0 0 0 0 0
73 10 0 0 0 0 0 0 0 0
76 6 0 0 6 0 0 0 0 0
77 6 0 0 0 0 0 0 0 0
78 6 0 0 0 0 0 0 0 0
79 6 0 0 0 0 0 0 0 0
82 6 0 0 0 0 0 0 0 0
83 6 0 0 0 0 0 0 0 0
84 6 0 0 0 0 0 0 0 0
85 6 0 0 0 0 0 0 0 0
87 6 0 0 0 0 0 0 0 0
90 6 0 0 6 0 0 0 0 0
91 6 0 0 0 0 0 0 0 0
92 6 0 0 0 0 0 0 0 0
93 6 0 0 0 0 0 0 0 0
96 6 0 0 0 0 0 0 0 0
97 5 0 0 0 0 0 0 0 0
98 5 0 0 0 0 0 0 0 0
99 5 0 0 0 0 0 0 0 0
101 6 0 0 0 0 0 0 0 0
104 11 1 1 0 0 0 0 0 0
106 11 0 0 0 0 0 0 0 0
107 11 0 0 0 0 0 0 0 0
108 10 0 0 0 0 0 0 0 0
110 10 0 0 0 0 0 0 0 0
111 10 0 0 0 0 0 0 0 0
112 8 0 0 0 0 0 0 0 0
114 8 0 0 0 0 0 0 0 0
115 8 0 0 0 0 0 0 0 0
116 8 0 0 0 0 0 0 0 0
118 8 0 0 0 0 0 0 0 0
119 8 0 0 0 0 0 0 0 0
120 7 0 0 0 0 0 0 0 0
122 7 0 0 0 0 0 0 0 0
124 7 0 0 0 0 0 0 0 0
125 7 0 0 0 0 0 0 0 0
126 7 0 0 0 0 0 0 0 0
128 7 0 0 0 0 0 0 0 0
129 7 0 0 0 0 0 0 0 0
130 7 0 0 0 0 0 0 0 0
132 7 0 0 0 0 0 0 0 0
133 7 1 1 0 0 0 0 0 0
134 4 0 0 0 0 0 0 0 0
136 12 0 0 0 0 0 0 0 0
137 12 0 0 12 0 0 0 0 0
fl=/build/eglibc-rrybNj/eglibc-2.15/string/../sysdeps/x86_64/multiarch/../strchr.S
fn=index
26 6 1 1 0 0 0 0 0 0
27 6 0 0 0 0 0 0 0 0
28 6 0 0 0 0 0 0 0 0
29 6 0 0 0 0 0 0 0 0
30 6 0 0 0 0 0 0 0 0
31 6 0 0 0 0 0 0 0 0
32 6 0 0 0 0 0 0 0 0
33 6 0 0 6 2 2 0 0 0
34 6 0 0 0 0 0 0 0 0
35 6 0 0 0 0 0 0 0 0
36 6 0 0 0 0 0 0 0 0
37 6 0 0 0 0 0 0 0 0
38 6 1 1 0 0 0 0 0 0
39 6 0 0 0 0 0 0 0 0
40 6 0 0 0 0 0 0 0 0
41 6 0 0 0 0 0 0 0 0
42 6 0 0 0 0 0 0 0 0
43 6 0 0 0 0 0 0 0 0
44 6 0 0 0 0 0 0 0 0
45 6 0 0 0 0 0 0 0 0
46 6 0 0 0 0 0 0 0 0
48 6 0 0 6 0 0 0 0 0
49 6 0 0 0 0 0 0 0 0
50 6 0 0 0 0 0 0 0 0
51 6 0 0 0 0 0 0 0 0
52 6 0 0 0 0 0 0 0 0
53 6 0 0 0 0 0 0 0 0
54 6 0 0 0 0 0 0 0 0
55 6 0 0 0 0 0 0 0 0
56 6 0 0 0 0 0 0 0 0
58 6 0 0 0 0 0 0 0 0
59 6 0 0 0 0 0 0 0 0
60 1 0 0 0 0 0 0 0 0
61 1 0 0 0 0 0 0 0 0
62 1 0 0 0 0 0 0 0 0
63 1 0 0 0 0 0 0 0 0
64 5 0 0 0 0 0 0 0 0
65 6 0 0 6 0 0 0 0 0
fl=/build/eglibc-rrybNj/eglibc-2.15/string/../sysdeps/x86_64/multiarch/../strcmp.S
fn=strcmp
135 1378 1 1 1378 17 13 0 0 0
136 1378 0 0 1378 8 2 0 0 0
137 1378 0 0 0 0 0 0 0 0
138 1302 0 0 0 0 0 0 0 0
139 1302 0 0 0 0 0 0 0 0
140 1302 0 0 0 0 0 0 0 0
141 1302 0 0 0 0 0 0 0 0
143 108 0 0 0 0 0 0 0 0
144 108 0 0 108 0 0 0 0 0
146 76 0 0 0 0 0 0 0 0
147 76 0 0 0 0 0 0 0 0
148 76 0 0 0 0 0 0 0 0
149 76 0 0 76 0 0 0 0 0
fl=/build/eglibc-rrybNj/eglibc-2.15/string/../sysdeps/x86_64/multiarch/../strlen.S
fn=__GI_strlen
26 5 1 1 0 0 0 0 0 0
27 5 0 0 0 0 0 0 0 0
28 5 0 0 0 0 0 0 0 0
29 5 0 0 0 0 0 0 0 0
30 5 0 0 0 0 0 0 0 0
31 5 0 0 0 0 0 0 0 0
32 5 0 0 5 1 0 0 0 0
33 5 0 0 0 0 0 0 0 0
34 5 0 0 0 0 0 0 0 0
35 5 0 0 0 0 0 0 0 0
36 5 1 1 0 0 0 0 0 0
80 5 1 1 0 0 0 0 0 0
81 5 1 1 0 0 0 0 0 0
82 5 0 0 5 0 0 0 0 0
fl=/build/eglibc-rrybNj/eglibc-2.15/string/../sysdeps/x86_64/multiarch/../strrchr.S
fn=__GI_strrchr
26 1 1 1 0 0 0 0 0 0
27 1 0 0 0 0 0 0 0 0
28 1 0 0 0 0 0 0 0 0
29 1 0 0 0 0 0 0 0 0
30 1 1 1 0 0 0 0 0 0
31 1 0 0 0 0 0 0 0 0
32 1 0 0 0 0 0 0 0 0
33 1 0 0 1 1 0 0 0 0
34 1 0 0 0 0 0 0 0 0
35 1 0 0 0 0 0 0 0 0
36 1 0 0 0 0 0 0 0 0
37 1 0 0 0 0 0 0 0 0
38 1 0 0 0 0 0 0 0 0
39 1 0 0 0 0 0 0 0 0
40 1 0 0 0 0 0 0 0 0
41 1 0 0 0 0 0 0 0 0
42 1 0 0 0 0 0 0 0 0
43 1 0 0 0 0 0 0 0 0
44 1 0 0 0 0 0 0 0 0
45 1 0 0 0 0 0 0 0 0
46 1 0 0 0 0 0 0 0 0
47 1 0 0 0 0 0 0 0 0
48 1 0 0 0 0 0 0 0 0
61 1 1 1 0 0 0 0 0 0
62 1 0 0 0 0 0 0 0 0
63 1 0 0 0 0 0 0 0 0
64 1 0 0 0 0 0 0 0 0
71 1 0 0 0 0 0 0 0 0
72 1 1 1 0 0 0 0 0 0
73 1 0 0 0 0 0 0 0 0
74 1 0 0 0 0 0 0 0 0
75 1 0 0 0 0 0 0 0 0
76 1 0 0 0 0 0 0 0 0
77 1 0 0 1 0 0 0 0 0
fl=/build/eglibc-rrybNj/eglibc-2.15/string/../sysdeps/x86_64/multiarch/strcmp.S
fn=strcasecmp
106 1 1 1 1 1 1 0 0 0
107 1 0 0 0 0 0 0 0 0
108 1 0 0 0 0 0 1 0 0
111 1 0 0 0 0 0 0 0 0
112 1 0 0 1 0 0 0 0 0
113 1 1 1 0 0 0 0 0 0
115 1 0 0 0 0 0 0 0 0
116 1 0 0 1 0 0 0 0 0
117 1 0 0 0 0 0 0 0 0
122 1 0 0 1 0 0 0 0 0
fn=strncasecmp
130 1 1 1 1 0 0 0 0 0
131 1 0 0 0 0 0 0 0 0
135 1 1 1 0 0 0 0 0 0
136 1 0 0 1 0 0 0 0 0
137 1 0 0 0 0 0 0 0 0
139 1 0 0 0 0 0 0 0 0
140 1 0 0 1 0 0 0 0 0
141 1 0 0 0 0 0 0 0 0
146 1 0 0 1 0 0 0 0 0
fl=/build/eglibc-rrybNj/eglibc-2.15/string/../sysdeps/x86_64/multiarch/strnlen.S
fn=strnlen
30 1 1 1 1 0 0 0 0 0
31 1 0 0 0 0 0 0 0 0
33 1 0 0 0 0 0 0 0 0
34 1 0 0 1 0 0 0 0 0
35 1 0 0 0 0 0 0 0 0
37 1 0 0 1 0 0 0 0 0
fl=/build/eglibc-rrybNj/eglibc-2.15/string/../sysdeps/x86_64/strchrnul.S
fn=strchrnul
27 8 1 1 0 0 0 0 0 0
28 8 0 0 0 0 0 0 0 0
29 8 0 0 0 0 0 0 0 0
30 8 0 0 0 0 0 0 0 0
31 8 1 1 0 0 0 0 0 0
32 8 0 0 0 0 0 0 0 0
33 8 0 0 0 0 0 0 0 0
34 8 0 0 8 0 0 0 0 0
35 8 0 0 0 0 0 0 0 0
36 8 0 0 0 0 0 0 0 0
37 8 0 0 0 0 0 0 0 0
38 8 0 0 0 0 0 0 0 0
39 8 0 0 0 0 0 0 0 0
40 8 0 0 0 0 0 0 0 0
41 8 0 0 0 0 0 0 0 0
42 8 0 0 0 0 0 0 0 0
43 8 0 0 0 0 0 0 0 0
44 8 0 0 0 0 0 0 0 0
45 8 0 0 0 0 0 0 0 0
46 8 0 0 0 0 0 0 0 0
48 6 0 0 6 1 1 0 0 0
49 6 0 0 0 0 0 0 0 0
50 6 0 0 0 0 0 0 0 0
51 6 0 0 0 0 0 0 0 0
52 6 0 0 0 0 0 0 0 0
53 6 0 0 0 0 0 0 0 0
54 6 0 0 0 0 0 0 0 0
55 6 0 0 0 0 0 0 0 0
56 6 0 0 0 0 0 0 0 0
58 8 1 1 0 0 0 0 0 0
59 8 0 0 0 0 0 0 0 0
60 8 0 0 8 0 0 0 0 0
fl=/build/eglibc-rrybNj/eglibc-2.15/time/../sysdeps/generic/dl-hash.h
fn=gettimeofday
44 1 0 0 0 0 0 0 0 0
45 1 1 1 0 0 0 0 0 0
46 13 1 1 4 0 0 0 0 0
49 16 0 0 0 0 0 0 0 0
50 8 0 0 0 0 0 0 0 0
63 8 0 0 0 0 0 0 0 0
68 1 0 0 0 0 0 0 0 0
fn=time
44 1 0 0 0 0 0 0 0 0
45 1 0 0 0 0 0 0 0 0
46 13 0 0 4 1 1 0 0 0
49 16 0 0 0 0 0 0 0 0
50 8 1 1 0 0 0 0 0 0
63 8 0 0 0 0 0 0 0 0
68 1 0 0 0 0 0 0 0 0
fl=/build/eglibc-rrybNj/eglibc-2.15/time/../sysdeps/unix/sysv/linux/x86_64/gettimeofday.c
fn=gettimeofday
30 1 0 0 0 0 0 0 0 0
31 7 0 0 0 0 0 4 0 0
34 3 0 0 0 0 0 1 0 0
35 3 0 0 0 0 0 0 0 0
36 2 0 0 1 0 0 0 0 0
fl=/build/eglibc-rrybNj/eglibc-2.15/time/../sysdeps/unix/sysv/linux/x86_64/time.c
fn=time
28 1 0 0 0 0 0 0 0 0
29 7 1 1 0 0 0 4 0 0
32 6 1 1 0 0 0 1 0 0
33 2 0 0 1 0 0 0 0 0
fl=/home/nickstulov/Desktop/prog3/class/2/list.c
fn=list_create
98 3 1 1 0 0 0 1 0 0
99 3 1 1 0 0 0 2 0 0
100 2 0 0 1 0 0 1 0 0
101 3 0 0 1 0 0 1 0 0
102 2 0 0 1 0 0 1 0 0
103 2 0 0 1 0 0 1 0 0
104 2 0 0 1 0 0 1 0 0
105 1 1 1 1 0 0 0 0 0
106 2 0 0 2 0 0 0 0 0
fn=list_delete_last
146 16 0 0 0 0 0 8 0 0
147 12 0 0 4 0 0 4 0 0
148 12 0 0 8 0 0 4 0 0
150 16 0 0 8 0 0 0 0 0
153 12 1 1 8 0 0 4 0 0
156 12 0 0 8 0 0 4 0 0
158 16 0 0 8 0 0 0 0 0
159 6 0 0 2 0 0 2 0 0
160 4 0 0 2 0 0 2 0 0
161 8 1 1 4 0 0 2 0 0
164 6 0 0 2 0 0 2 0 0
165 4 0 0 2 0 0 2 0 0
166 4 0 0 2 0 0 2 0 0
169 20 0 0 12 0 0 4 0 0
170 4 1 1 4 0 0 0 0 0
171 8 0 0 8 0 0 0 0 0
fn=list_destroy
190 4 0 0 0 0 0 2 0 0
191 11 0 0 2 0 0 2 0 0
192 3 0 0 1 0 0 1 0 0
195 3 0 0 1 0 0 1 0 0
196 2 0 0 2 0 0 0 0 0
fn=list_first
197 8 2 2 0 0 0 4 0 0
198 6 0 0 2 0 0 2 0 0
199 4 0 0 4 0 0 0 0 0
fn=list_get
203 16 0 0 0 0 0 8 0 0
204 12 0 0 4 0 0 4 0 0
205 8 0 0 8 0 0 0 0 0
fn=list_insert_last
126 20 1 1 0 0 0 12 0 0
127 12 0 0 4 0 0 4 0 0
128 12 1 1 0 0 0 8 0 0
129 12 0 0 8 0 0 4 0 0
131 8 0 0 4 0 0 4 0 0
132 12 0 0 8 0 0 4 0 0
133 8 0 0 4 0 0 4 0 0
135 8 1 1 4 0 0 0 0 0
136 6 0 0 4 0 0 2 0 0
137 6 0 0 4 0 0 2 0 0
140 12 0 0 8 0 0 4 0 0
141 20 0 0 12 0 0 4 0 0
143 16 0 0 8 0 0 0 0 0
144 6 1 1 4 0 0 2 0 0
145 8 0 0 8 0 0 0 0 0
fn=list_iterator_first
36 6 0 0 0 0 0 4 0 0
38 6 0 0 2 0 0 2 0 0
39 6 0 0 4 0 0 2 0 0
40 2 0 0 2 0 0 0 0 0
41 4 0 0 4 0 0 0 0 0
fn=list_iterator_get
91 12 0 0 0 0 0 8 0 0
92 8 0 0 4 0 0 4 0 0
93 8 0 0 8 0 0 0 0 0
94 8 0 0 8 0 0 0 0 0
fn=list_iterator_last
42 3 1 1 0 0 0 2 0 0
44 3 0 0 1 0 0 1 0 0
46 3 0 0 2 0 0 1 0 0
48 1 0 0 1 0 0 0 0 0
49 2 0 0 2 0 0 0 0 0
fn=list_iterator_next
59 4 1 1 0 0 0 2 0 0
61 3 0 0 0 0 0 2 0 0
63 2 1 1 1 0 0 1 0 0
65 2 0 0 1 0 0 0 0 0
66 4 0 0 2 0 0 0 0 0
67 3 0 0 2 0 0 1 0 0
68 1 0 0 1 0 0 0 0 0
75 2 0 0 2 0 0 0 0 0
fn=list_last
200 4 0 0 0 0 0 2 0 0
201 3 0 0 1 0 0 1 0 0
202 2 0 0 2 0 0 0 0 0
fn=list_size
186 12 1 1 0 0 0 8 0 0
187 12 0 0 4 0 0 4 0 0
188 8 0 0 8 0 0 0 0 0
189 8 0 0 8 0 0 0 0 0
fl=/home/nickstulov/Desktop/prog3/class/2/main.c
fn=main
7 5 1 1 0 0 0 3 0 0
8 3 0 0 0 0 0 2 1 0
10 7 0 0 4 1 1 1 0 0
11 7 1 1 4 0 0 1 0 0
12 7 0 0 4 0 0 1 0 0
14 7 1 1 4 1 1 2 1 0
15 4 0 0 1 0 0 2 0 0
16 7 0 0 4 0 0 2 0 0
18 7 1 1 4 0 0 2 0 0
19 3 0 0 1 0 0 1 0 0
20 7 0 0 4 0 0 2 0 0
21 3 0 0 1 0 0 1 0 0
22 7 1 1 4 0 0 2 0 0
23 6 0 0 1 0 0 1 0 0
25 7 0 0 4 0 0 2 0 0
26 3 1 1 1 0 0 1 0 0
27 7 0 0 4 0 0 2 0 0
28 3 0 0 1 0 0 1 0 0
29 7 1 1 4 0 0 2 0 0
30 6 0 0 1 0 0 1 0 0
32 12 1 1 4 0 0 2 0 0
34 7 0 0 4 0 0 1 0 0
36 12 1 1 4 0 0 2 0 0
38 7 0 0 4 0 0 2 0 0
39 7 0 0 4 0 0 2 0 0
40 3 0 0 1 0 0 1 0 0
42 6 0 0 4 0 0 1 0 0
44 1 0 0 0 0 0 0 0 0
45 2 0 0 2 0 0 0 0 0
fl=???
fn=???
0 244 26 20 132 10 2 42 1 1
fn=__libc_csu_init
0 25 3 3 7 0 0 7 0 0
summary: 169189 961 945 42860 2409 1935 13210 568 496
